Timestep,Average Reward,C Loss,M Loss
100,-185.91612739530134,37190.0,0
200,-260.66654429203084,76448.0,0
300,-156.14325453484884,24431.8,0
400,-55.945781309421953,5626.37,0
500,-137.31148378814478,21948.1,0
600,-114.07630973497056,14876.2,0
700,-107.48139413742506,12425.3,0
800,-87.455329441812154,13672.7,0
900,-137.73495352074642,19646.4,0
1000,-233.10080704098411,61380.2,0
1100,-215.18967778490889,48263.6,0
1200,-138.49380808104809,28351.0,0
1300,-7.0149314988878224,345.596,0
1400,-96.648473387456846,11906.8,0
1500,-105.78867478187634,14272.9,0
1600,-99.431111820609871,10639.5,0
1700,-64.066623928833039,6812.9,0
1800,-146.15430542432421,26744.2,0
1900,-99.747874986883147,11363.2,0
2000,-192.38777619422791,47795.0,0
2100,-81.364206188316473,8539.47,0
2200,-207.1857847941732,48240.0,0
2300,-184.94220989246514,38985.4,0
2400,-163.17617152655643,28465.3,0
2500,-259.31546268504127,71645.8,0
2600,-94.966262591760682,11770.4,0
2700,-105.56944586169377,11926.9,0
2800,-100.19571566648406,11167.8,0
2900,-22.089158662150485,720.372,0
3000,-90.617205062231648,10325.9,0
3100,-110.02203113772386,18852.5,0
3200,-148.81903212696264,24237.5,0
3300,-70.996890369594297,6937.46,0
3400,-142.41941122141628,22659.7,0
3500,-168.76825585212765,34429.0,0
3600,-125.4326330715371,21439.1,0
3700,-195.70443500904864,49990.8,0
3800,-26.747948612974852,1545.48,0
3900,-156.81512003797172,25412.1,0
4000,-211.9089419165787,53365.9,0
4100,-173.86235313194501,41731.2,0
4200,-104.67563806817138,16249.1,0
4300,-168.6866165883099,33688.7,0
4400,-105.67062500021751,18504.3,0
4500,-196.76601759447854,40522.2,0
4600,-204.42620733028502,43289.2,0
4700,-198.41416381750605,41882.6,0
4800,-134.75927885676001,23889.9,0
4900,-69.929958369876644,5323.12,0
5000,-131.39025623131894,20539.7,0
5100,-120.70391135476483,17524.6,0
5200,-181.5778713280921,36954.9,0
5300,-95.06499271027613,14881.2,0
5400,-167.92380845804803,28343.3,0
5500,-152.45626845657179,25395.9,0
5600,-116.01064397451955,19998.3,0
5700,-248.81973738381487,63124.2,0
5800,-138.87968317824229,20335.1,0
5900,-115.66616083355964,26933.6,0
6000,-50.864379904002043,4808.14,0
6100,-61.14688370582406,5318.31,0
6200,-109.44797008685956,12718.6,0
6300,-181.82926059153095,47346.7,0
6400,-172.86281656471584,31927.7,0
6500,-123.20201260533985,17884.0,0
6600,-131.25033506261079,19557.0,0
6700,-157.10774752037594,27631.0,0
6800,-156.73023968425517,24350.6,0
6900,-55.148989988564708,4738.9,0
7000,-112.22227623663338,20191.8,0
7100,-140.38238831885764,20897.7,0
7200,-127.1296904407362,20232.8,0
7300,-130.04797118442031,17883.6,0
7400,-109.62220873802882,16947.0,0
7500,-90.465174397698036,11777.2,0
7600,-229.28396621103889,55857.4,0
7700,-82.494409160878519,10922.0,0
7800,-75.078573769594826,6297.81,0
7900,-151.15392006980147,25783.9,0
8000,-87.666731365976759,8324.28,0
8100,-134.64556591911062,19470.5,0
8200,-104.07453180949277,21827.2,0
8300,-165.33281195689099,28318.2,0
8400,-150.90369664728794,28731.0,0
8500,-139.62249180074636,19518.2,0
8600,-76.374180730349181,12597.2,0
8700,-167.24215079698178,29544.9,0
8800,-227.45334023445361,54233.4,0
8900,-76.50496507489612,8643.61,0
9000,-216.37381707901014,53293.2,0
9100,-107.87332411644604,18626.8,0
9200,-220.89897606909614,56407.9,0
9300,-33.356868918149672,3367.57,0
9400,-153.76399783142392,25562.5,0
9500,-273.79571536614441,81125.1,0
9600,-80.351792950922075,9997.43,0
9700,-140.42281971292041,28536.8,0
9800,-206.94340822288791,43103.5,0
9900,-147.67344805142818,25797.7,0
10000,-79.197758675272524,9937.84,0
10100,-173.3331799418167,31899.0,0
10200,-228.58996219182484,59633.3,0
10300,-48.485672555334567,6391.28,0
10400,-199.38229793247515,43484.4,0
10500,-73.746494732764802,8212.23,0
10600,-64.500708755686503,5624.34,0
10700,-81.533813805009672,9117.31,0
10800,-43.625639933935098,3600.03,0
10900,-128.14621742421332,17789.9,0
11000,-44.338401328213266,4987.7,0
11100,-116.21446380899272,17410.6,0
11200,-156.79391685551673,27109.2,0
11300,-84.13426844356681,11807.6,0
11400,-42.152336110330261,3793.89,0
11500,-133.06411980049103,21814.0,0
11600,-86.04185624661288,8822.91,0
11700,-93.483023650371905,10002.0,0
11800,-133.32916913125561,29495.9,0
11900,-191.93713510608453,55593.8,0
12000,-147.44975383576315,23248.9,0
12100,-155.85150125454476,25017.0,0
12200,-147.4030091689533,27463.5,0
12300,-94.797439298275734,11670.1,0
12400,-149.22015175335437,34996.3,0
12500,-55.391263774143624,6003.54,0
12600,-138.4578795031714,24638.4,0
12700,-153.89182567843537,26832.8,0
12800,-42.722941853714389,2608.43,0
12900,-157.54574571128177,25287.2,0
13000,-89.873267840884381,11940.1,0
13100,-148.77909257700901,27078.1,0
13200,-189.11540066589117,38610.7,0
13300,-117.38141187550599,15728.5,0
13400,-148.58290864215505,30310.4,0
13500,-130.8725056252708,18366.2,0
13600,-179.65338761100421,33901.1,0
13700,-200.49679836048799,43001.2,0
13800,-152.75618781670599,24990.7,0
13900,-131.88949439252679,23467.6,0
14000,-173.89768400674382,31186.6,0
14100,-148.80155247900339,28798.8,0
14200,-164.32504677355763,32254.9,0
14300,-177.67369352486537,38358.3,0
14400,-143.83373844910702,21311.5,0
14500,-211.01139174558847,60148.5,0
14600,-216.25675741745127,54070.9,0
14700,-153.20622108731044,26393.2,0
14800,-221.45851171165626,51004.5,0
14900,-219.22089949522541,49047.3,0
15000,-90.017696839917747,10254.4,0
15100,-157.53477509067054,26441.0,0
15200,-119.88573236187013,18886.0,0
15300,-169.93406683970906,33407.1,0
15400,-131.21129396782942,18493.7,0
15500,-167.20001422486868,28105.0,0
15600,-159.25556011772775,26407.2,0
15700,-98.034655722891955,21181.5,0
15800,-209.99900107930586,57535.4,0
15900,-113.99019019370024,15755.2,0
16000,-110.63074137350846,18101.0,0
16100,-93.986588245523492,12981.5,0
16200,-127.332591594351,16823.0,0
16300,-201.46477710363217,42441.1,0
16400,-156.4998175617547,26531.7,0
16500,-128.2542758928858,20362.0,0
16600,-202.4346196760699,43449.1,0
16700,-181.30047164226801,47794.4,0
16800,-53.464293099120468,6069.29,0
16900,-123.33002776946419,15848.2,0
17000,-121.89762880692899,21806.2,0
17100,-153.9216113813666,23872.2,0
17200,-77.731108747395226,6588.26,0
17300,-250.14625056703343,71822.8,0
17400,-187.59278346832772,48053.4,0
17500,-160.30831538358512,26633.7,0
17600,-243.36090881605509,60549.6,0
17700,-160.95148313095416,28138.3,0
17800,-199.53369675105168,40311.9,0
17900,-153.19760668903606,27343.1,0
18000,-111.40453576362526,14617.0,0
18100,-115.79653231222024,15310.8,0
18200,-110.47293735530734,14834.8,0
18300,-118.87771645221441,16483.2,0
18400,-113.12812411040258,14532.9,0
18500,-173.79180584464993,34910.7,0
18600,-90.126412701981877,10712.9,0
18700,-164.33705908694785,28448.2,0
18800,-199.7621377365821,44352.2,0
18900,-202.24051538378811,44046.0,0
19000,-221.93575955891552,50140.7,0
19100,-131.25472724629347,17977.6,0
19200,-150.03168292310733,28610.8,0
19300,-108.06447756395792,12930.3,0
19400,-68.408484687986757,7522.66,0
19500,-138.18060737073682,20121.7,0
19600,-153.74931035676178,26040.4,0
19700,-119.05322195085546,18627.0,0
19800,-105.19272511027943,12399.6,0
19900,-207.22454221188261,50675.9,0
20000,-187.56100295905898,37144.4,0
20100,-232.42345007321887,55798.1,0
20200,-211.1173101004473,49223.8,0
20300,-181.29340438001057,36181.6,0
20400,-201.23211366127754,44342.8,0
20500,-192.5621334385286,49978.9,0
20600,-125.9943885560369,17940.0,0
20700,-176.76532769466249,31760.7,0
20800,-166.4580228936085,32592.8,0
20900,-112.98692111573664,14124.0,0
21000,-111.72398613771118,24530.2,0
21100,-251.36700320919616,64657.9,0
21200,-80.490523421218299,9734.44,0
21300,-151.66707362367424,25393.2,0
21400,-141.5943613153427,22110.1,0
21500,-220.22896323510665,50761.2,0
21600,-170.85045733266435,31274.1,0
21700,-145.99242135103398,32537.4,0
21800,-125.95743350177679,20210.4,0
21900,-144.93404660567086,28063.5,0
22000,-7.9992724407784479,162.58,0
22100,-216.50025663803873,55654.6,0
22200,-127.44394012665494,20103.9,0
22300,-187.24265436415632,43402.3,0
22400,-123.44693396190696,22608.6,0
22500,-73.147434422639648,6219.04,0
22600,-110.0903537457631,16065.8,0
22700,-124.46422921758236,16114.7,0
22800,-169.72574313033039,29382.5,0
22900,-127.43303819482713,17423.8,0
23000,-71.818323677229131,7215.24,0
23100,-58.190097208975182,6442.73,0
23200,-189.41386504929164,38399.2,0
23300,-170.69679774023399,37470.0,0
23400,-80.37357208965301,8677.42,0
23500,-97.235900599024049,12769.5,0
23600,-202.00451571421365,50757.8,0
23700,-111.06432337020566,21371.1,0
23800,-122.61462322657466,15632.6,0
23900,-116.00740522419717,15268.4,0
24000,-161.33246064375976,29261.9,0
24100,-68.224215905726211,5778.54,0
24200,-97.9663332018457,15257.1,0
24300,-162.32233188772176,32373.0,0
24400,-65.768963112402332,9221.17,0
24500,-67.126702959447272,7395.36,0
24600,-143.72642303229941,25201.4,0
24700,-100.75046779668415,12116.3,0
24800,-175.40240292198897,37668.4,0
24900,-185.06762032450078,40573.5,0
25000,-97.182323614841692,11904.2,0
25100,-112.44214157290071,15823.5,0
25200,-56.319303967493731,5670.58,0
25300,-183.28711502600211,34404.2,0
25400,-136.89988994155919,23643.3,0
25500,-118.35595354545531,15457.0,0
25600,-144.14056276246197,25035.4,0
25700,-101.07279702623691,11796.5,0
25800,-161.34547318489345,32903.8,0
25900,-100.5092555673917,11111.7,0
26000,-152.42922612764465,28612.2,0
26100,-158.10379629622105,40390.5,0
26200,-170.66284609573202,35849.4,0
26300,-191.78987121723242,38113.6,0
26400,-137.61083250677669,22562.2,0
26500,-21.907011292749281,1152.35,0
26600,-155.30900197901312,25829.1,0
26700,-128.76260443056333,23341.0,0
26800,-207.87171973383832,44114.6,0
26900,-88.000828420637134,14050.8,0
27000,-52.156296611905546,3084.73,0
27100,-209.29334936798006,45270.7,0
27200,-79.793202039413785,7943.27,0
27300,-91.829563001706774,9659.28,0
27400,-135.80433091794154,21106.0,0
27500,-186.37637557919254,38099.5,0
27600,-92.294437846182902,9736.52,0
27700,-53.520043225601405,5793.48,0
27800,-157.63624291726262,30564.8,0
27900,-172.20528190582758,31347.1,0
28000,-115.63265969082521,14277.2,0
28100,-144.35976834621118,24134.9,0
28200,-91.956388749719594,9508.03,0
28300,-99.750082941758777,16655.5,0
28400,-106.59546700077186,15443.0,0
28500,-191.96352257871146,39822.9,0
28600,-39.328393554226089,1900.34,0
28700,-124.07808847598459,18363.8,0
28800,-115.88774020659395,22646.7,0
28900,-106.4635712665573,15200.5,0
29000,-133.81314202659308,20251.5,0
29100,-164.03302415256775,34748.1,0
29200,-72.139727288890001,6892.81,0
29300,-123.75562620608329,16515.0,0
29400,-157.49140629270886,36464.1,0
29500,-137.29077071903646,20614.2,0
29600,-88.614119955774697,10186.8,0
29700,-195.43775588274556,41028.6,0
29800,-208.99562453378974,43782.6,0
29900,-141.23821644453878,27916.7,0
30000,-113.18060832759069,15741.2,0
30100,-84.686084472349023,9465.65,0
30200,-105.7662945136358,11676.2,0
30300,-214.14516849463772,57682.9,0
30400,-156.78096221598432,26920.9,0
30500,-111.85662740143907,13670.8,0
30600,-31.447200602005072,1154.69,0
30700,-144.00160760104319,25027.0,0
30800,-138.80250567297901,21810.6,0
30900,-63.577249349350957,10246.1,0
31000,-92.577490585754859,13656.5,0
31100,-143.72720900094725,21611.4,0
31200,-127.70491875381583,18738.3,0
31300,-97.585799483961921,9876.81,0
31400,-129.23186869949751,21891.8,0
31500,-250.14909714313762,63505.6,0
31600,-111.36772748367392,13298.5,0
31700,-169.80809779687962,32453.0,0
31800,-161.71488008912195,28293.7,0
31900,-155.09578926380868,27776.7,0
32000,-48.407482412392099,3790.73,0
32100,-136.50526956202341,19749.9,0
32200,-163.52590320024945,27827.4,0
32300,-105.21504634578734,12318.2,0
32400,-124.83568461577818,17528.8,0
32500,-146.56456130471423,28244.4,0
32600,-97.758013530560262,14457.7,0
32700,-163.39405530602741,30959.4,0
32800,-89.483625819630845,8200.3,0
32900,-60.045641152482212,4173.92,0
33000,-51.616530477329327,3907.06,0
33100,-191.36574038778602,38217.2,0
33200,-98.791165761934295,12240.6,0
33300,-181.73114415912536,35741.0,0
33400,-75.599802627213819,8029.6,0
33500,-202.19923894440251,42841.7,0
33600,-138.74872213558072,25813.3,0
33700,-116.57059803634442,16314.4,0
33800,-187.57379537481449,49999.7,0
33900,-238.43327413277837,65565.9,0
34000,-70.323045411783028,8248.27,0
34100,-163.09446053068422,28365.9,0
34200,-62.486493642521218,5061.01,0
34300,-201.16785852833908,51602.8,0
34400,-160.57344707327502,29414.8,0
34500,-143.55456819057036,27429.9,0
34600,-100.75426180223094,12042.4,0
34700,-126.6074870553835,21631.2,0
34800,-98.357060681873634,13515.7,0
34900,-84.89294152715712,10822.2,0
35000,-184.01491995479267,34873.1,0
35100,-154.47213829037943,26012.3,0
35200,-84.837197630871486,8001.63,0
35300,-82.928728852478287,14381.8,0
35400,-177.97239956910497,34144.6,0
35500,-83.307823430097585,9119.38,0
35600,-52.70730332596311,4321.69,0
35700,-127.5240313474138,17071.4,0
35800,-100.90313903827399,12534.8,0
35900,-113.39036456034593,19098.1,0
36000,-158.42845955532425,46396.4,0
36100,-165.92366808952482,40962.9,0
36200,-154.22205176868445,25613.5,0
36300,-156.21605968127412,29273.0,0
36400,-108.74710194133313,13937.8,0
36500,-66.413104025395754,7886.25,0
36600,-97.589628651603221,12438.8,0
36700,-213.18247322072114,55633.3,0
36800,-192.37271811146343,44968.8,0
36900,-123.14201018233746,15581.5,0
37000,-96.67930763520944,17297.0,0
37100,-191.25205460898258,38841.5,0
37200,-162.74813409389051,26526.1,0
37300,-182.12845644967803,34855.6,0
37400,-116.06744056891455,14853.3,0
37500,-79.542840073915087,7198.04,0
37600,-141.86448306662706,21022.8,0
37700,-143.03530449609235,24018.9,0
37800,-26.06611938224205,1087.52,0
37900,-192.22945811393038,41767.9,0
38000,-145.13234153971473,22414.1,0
38100,-157.05766620592397,32438.0,0
38200,-37.130104059695569,1987.57,0
38300,-61.973293770030324,6813.21,0
38400,-139.52683199943181,20535.5,0
38500,-201.81376778812088,56281.5,0
38600,-147.44328216431543,25640.5,0
38700,-90.42821045459003,9751.76,0
38800,-69.521361594085391,6626.87,0
38900,-194.10387642013978,43321.9,0
39000,-71.441107036810166,9638.14,0
39100,-175.32922872204978,32167.7,0
39200,-122.61996425973847,17798.0,0
39300,-134.64804898871819,21179.2,0
39400,-44.186675540044604,3425.91,0
39500,-136.01190943176937,18801.6,0
39600,-126.87997366742943,17238.9,0
39700,-118.43462078232577,16152.3,0
39800,-153.01897886958321,29068.7,0
39900,-112.0395281560096,14562.4,0
40000,-102.55156884768844,12755.2,0
40100,-167.23685872957336,31167.8,0
40200,-126.8068383077471,17058.2,0
40300,-110.49122427293591,13801.2,0
40400,-164.11712086054308,35104.7,0
40500,-157.82201430621731,26309.5,0
40600,-90.157929963402367,9365.18,0
40700,-20.776539292173922,1030.92,0
40800,-108.33386289897676,13596.0,0
40900,-119.57280522946796,20212.7,0
41000,-132.6937649961111,17812.3,0
41100,-87.635774464665033,14061.0,0
41200,-138.95694215290408,28314.4,0
41300,-119.1077558328402,14716.7,0
41400,-124.01012905704505,16099.5,0
41500,-158.62371100450636,27459.1,0
41600,-35.28615322608114,3426.07,0
41700,-93.791612979968235,12286.8,0
41800,-168.48078434924938,30498.1,0
41900,-89.282870695703537,9854.71,0
42000,-197.90577369787471,43663.1,0
42100,-80.602569235876658,8348.74,0
42200,-201.75957810964212,42804.5,0
42300,-143.75538885487939,21409.6,0
42400,-101.27627462378229,17525.9,0
42500,-122.45154312308165,21955.4,0
42600,-113.60477143036917,17879.5,0
42700,-175.38572148803513,34546.3,0
42800,-136.20495760653392,19864.7,0
42900,-156.86646233189492,29938.3,0
43000,-164.29550512849644,35011.6,0
43100,-200.74624899627293,41566.5,0
43200,-123.07072397657367,21242.6,0
43300,-79.580287108330609,8209.56,0
43400,-165.9512970004549,34921.1,0
43500,-169.76056061066913,28873.9,0
43600,-188.90371493293239,37423.3,0
43700,-68.082245430411319,5188.97,0
43800,-114.09170026080437,17447.4,0
43900,-83.97915937793033,11250.2,0
44000,-113.05062826013923,14645.4,0
44100,-67.751972445601993,7015.62,0
44200,-118.88237227924947,17435.3,0
44300,-175.96490003417094,34329.4,0
44400,-21.031156338610245,1005.49,0
44500,-212.72318168895072,46744.7,0
44600,-114.34297901791024,14144.1,0
44700,-126.82223376264315,16527.6,0
44800,-164.34409606793824,38236.6,0
44900,-143.22511956076363,22189.4,0
45000,-136.67106484133876,18674.7,0
45100,-203.8882384599641,51923.5,0
45200,-153.98172883471238,24540.8,0
45300,-71.825151065251134,10692.8,0
45400,-108.00415986669192,12123.5,0
45500,-86.863544504258527,10352.9,0
45600,-134.97032635297853,18644.3,0
45700,-92.766941391449521,9115.67,0
45800,-192.27923227743088,38347.7,0
45900,-117.12644610373466,14585.3,0
46000,-61.712791237661762,4896.65,0
46100,-180.37275394297612,45426.4,0
46200,-115.84729684681095,15951.5,0
46300,-87.7406997680161,14593.8,0
46400,-118.57743473290087,14102.5,0
46500,-119.92315006165514,16086.3,0
46600,-77.875941124819292,7249.58,0
46700,-126.92139402583632,16712.4,0
46800,-104.08773856548973,18668.5,0
46900,-96.42544224000352,10996.7,0
47000,-155.28956954593005,33730.4,0
47100,-51.331027677701393,3668.43,0
47200,-197.25864160723188,39562.6,0
47300,-175.61505574472926,31436.7,0
47400,-142.33917692312065,20697.9,0
47500,-227.45813141490854,55594.4,0
47600,-208.95633656524748,51917.9,0
47700,-164.08540461871402,29744.6,0
47800,-119.55485798891901,17342.5,0
47900,-179.36969566626237,36506.0,0
48000,-188.5892509452971,38156.6,0
48100,-169.14332793657803,30113.4,0
48200,-115.3603587655868,14199.3,0
48300,-245.26581166627761,63635.9,0
48400,-201.97580788595806,42512.6,0
48500,-135.28242180772756,29069.6,0
48600,-139.21162113915341,32185.7,0
48700,-85.6829922415818,9080.32,0
48800,-171.54562619596356,29933.9,0
48900,-102.00250070377247,11106.1,0
49000,-90.737382339831044,10283.7,0
49100,-158.56308995417754,27028.1,0
49200,-95.692315468957332,11733.6,0
49300,-191.00737023778728,44668.8,0
49400,-197.24289019236664,40342.6,0
49500,-203.56854783708059,51668.8,0
49600,-103.51028798416505,15228.5,0
49700,-78.744284916132614,7936.17,0
49800,-152.73133977688155,23528.2,0
49900,-252.26261280777643,66373.4,0
50000,-141.61556254310321,24885.1,0
50100,-195.41098898487144,40644.9,0
50200,-194.46799746087311,40309.6,0
50300,-164.73960059883086,27555.0,0
50400,-170.68336068431137,46965.2,0
50500,-47.937895294291522,2423.6,0
50600,-59.063250703606336,5664.34,0
50700,-139.14091704048317,20533.4,0
50800,-145.53497573906816,23802.1,0
50900,-117.91644400083251,16345.6,0
51000,-84.301393908791397,9389.07,0
51100,-186.03249295348033,46774.3,0
51200,-174.03968452758716,34684.5,0
51300,-122.57594537658531,15669.3,0
51400,-190.16740565380081,42744.8,0
51500,-57.947745272092931,8376.22,0
51600,-65.545252207637461,5811.49,0
51700,-31.763109809780385,2109.22,0
51800,-168.32654241081411,30355.2,0
51900,-106.52570816258374,15422.2,0
52000,-198.4783679847404,40316.2,0
52100,-85.778377029734074,7466.52,0
52200,-34.128825926676939,1765.77,0
52300,-117.03427417399455,14158.9,0
52400,-249.18310163303403,64811.7,0
52500,-126.24645474458268,17947.4,0
52600,-117.22407643275125,14279.7,0
52700,-117.79414598740088,23730.0,0
52800,-122.64426324769767,20641.7,0
52900,-104.51655004692651,13061.8,0
53000,-89.110048736719904,8365.39,0
53100,-154.85375829324425,25365.6,0
53200,-106.77215571326167,16973.1,0
53300,-47.623304583510055,2540.23,0
53400,-77.24060729803918,6616.55,0
53500,-142.76077210649095,25188.9,0
53600,-121.24163727368601,15451.6,0
53700,-203.80901561409399,45197.1,0
53800,-176.69566292104227,37866.9,0
53900,-173.73843339146759,31241.4,0
54000,-156.81067463180455,29993.6,0
54100,-165.65243679899547,34900.9,0
54200,-44.279071569163428,2068.15,0
54300,-151.69992925628921,27836.5,0
54400,-217.5990201865568,55885.0,0
54500,-80.818453893118416,12136.7,0
54600,-167.68744360559435,33374.7,0
54700,-74.434879891101545,10046.1,0
54800,-224.47358009569234,51400.8,0
54900,-85.357159644636553,11604.2,0
55000,-152.85869543513704,23855.6,0
55100,-183.58770603961119,35628.7,0
55200,-92.919231127111985,9371.05,0
55300,-169.25327962803894,29605.8,0
55400,-142.17885385761562,22481.7,0
55500,-150.47090453946555,22935.1,0
55600,-189.4496277672329,36368.9,0
55700,-133.17253811672995,19629.4,0
55800,-162.41794589863446,28331.8,0
55900,-87.186807589141409,9156.59,0
56000,-112.29005813118775,13448.9,0
56100,-89.096304297998344,9474.23,0
56200,-84.792437595975386,7721.98,0
56300,-174.0193635542594,32829.4,0
56400,-151.41468355012628,37698.3,0
56500,-93.886163101825616,12479.3,0
56600,-183.15986747878063,36626.9,0
56700,-138.31387075326768,19622.3,0
56800,-59.920723709313471,5199.6,0
56900,-76.339185556926438,11348.8,0
57000,-206.85025155290316,45269.7,0
57100,-118.81884503658662,16456.5,0
57200,-133.42998337253692,21547.0,0
57300,-49.597110904297004,2963.34,0
57400,-121.8454222518023,16875.7,0
57500,-151.6634428736044,23150.2,0
57600,-118.48714452241215,16879.9,0
57700,-163.52948378212201,28773.9,0
57800,-157.13102219689389,25401.5,0
57900,-128.63556962459879,17424.8,0
58000,-152.84154056052637,23913.6,0
58100,-55.441663519099954,3965.31,0
58200,-225.75011003981621,52343.1,0
58300,-180.06075026394601,35663.7,0
58400,-95.146969937677099,10128.4,0
58500,-145.11204751024198,21969.3,0
58600,-145.95933280716292,23562.9,0
58700,-110.97903126410833,16616.5,0
58800,-49.265427833043759,3282.07,0
58900,-94.315949536200563,13287.4,0
59000,-67.404528445957766,5641.32,0
59100,-133.46471069219237,18196.3,0
59200,-67.678298073619175,9268.82,0
59300,-166.74455739436948,29627.0,0
59400,-188.18278792809534,36127.1,0
59500,-193.58313693845736,44128.5,0
59600,-77.370003553235904,7231.91,0
59700,-73.337847181793791,6501.05,0
59800,-130.51048203356493,18212.3,0
59900,-130.27575291623918,19049.4,0
60000,-122.46138353380113,15624.6,0
60100,-158.12661991230001,29674.7,0
60200,-134.63512314688646,18290.8,0
60300,-153.9148699739678,29044.9,0
60400,-154.53684995841675,27192.3,0
60500,-226.66043576110258,54816.1,0
60600,-110.50040200308385,13349.8,0
60700,-67.432183730619357,5344.14,0
60800,-204.50352045583011,44635.1,0
60900,-97.379635323161295,18830.0,0
61000,-188.10995219438689,36263.3,0
61100,-192.75680273664139,43664.2,0
61200,-114.61070401298544,17829.4,0
61300,-229.34400753642711,52983.8,0
61400,-152.83171698365524,23744.0,0
61500,-128.71333976456438,18056.7,0
61600,-100.66190791508629,10681.4,0
61700,-121.83037543253288,15993.6,0
61800,-148.31511869658931,27993.0,0
61900,-191.36843765449808,37438.2,0
62000,-63.812095691266812,5800.19,0
62100,-82.367046169373509,9684.16,0
62200,-93.565370666295124,11501.5,0
62300,-85.775930722122851,8094.79,0
62400,-114.92741265088887,14283.9,0
62500,-162.42101975903819,27919.7,0
62600,-111.84514825248404,13679.0,0
62700,-65.716387427005614,4334.62,0
62800,-122.84094339517854,20388.6,0
62900,-37.911940046936031,1478.26,0
63000,-53.201119626313236,4800.15,0
63100,-41.500936621248741,2541.45,0
63200,-161.87649230968097,27907.9,0
63300,-226.42930432450584,60149.7,0
63400,-79.023328460600567,7466.69,0
63500,-216.51420368097621,49430.3,0
63600,-188.6351247960157,35926.8,0
63700,-127.44619026331226,18053.9,0
63800,-147.12598826987457,22136.3,0
63900,-79.125849393117107,6927.37,0
64000,-176.11056024416476,34919.9,0
64100,-171.38064281567759,31316.3,0
64200,-164.12696681385412,31285.0,0
64300,-127.14703955664018,16763.2,0
64400,-98.43834868249472,11546.2,0
64500,-51.858843810292413,3679.95,0
64600,-161.24071284827411,27854.7,0
64700,-128.73301060474626,17494.9,0
64800,-139.39968482170991,23860.4,0
64900,-131.74401119520516,22409.9,0
65000,-101.6342364167015,16779.6,0
65100,-99.132189036351519,11338.0,0
65200,-204.4512828454566,51227.1,0
65300,-125.50759747164325,17076.3,0
65400,-160.98938769518205,28271.7,0
65500,-272.11709187991039,77651.8,0
65600,-147.17326267158069,22279.3,0
65700,-131.2641862459989,18973.1,0
65800,-43.345801235618303,2620.76,0
65900,-37.917470175837877,2493.42,0
66000,-46.925543199072209,3825.75,0
66100,-147.16165469410822,21630.2,0
66200,-108.3167563531749,11760.4,0
66300,-89.150742246844317,8771.8,0
66400,-157.78682989456195,27630.7,0
66500,-91.008911911846965,12244.9,0
66600,-134.65673061218229,21758.5,0
66700,-152.37863912275492,25012.7,0
66800,-214.06725072871251,58387.4,0
66900,-117.630905750067,13768.1,0
67000,-107.78085091013145,13888.1,0
67100,-131.16318243023724,20427.1,0
67200,-99.604386410309502,11013.5,0
67300,-144.40625264208205,21683.6,0
67400,-147.3758109824646,21659.9,0
67500,-82.602218540255905,12673.0,0
67600,-57.795782589809384,6884.53,0
67700,-120.76092861922122,15611.8,0
67800,-99.589075963315267,14809.5,0
67900,-111.01137356129628,15576.0,0
68000,-107.01023851436656,16623.2,0
68100,-119.32410934132986,15822.8,0
68200,-173.65633387876784,34461.0,0
68300,-128.13753560847172,17564.0,0
68400,-170.73669725801929,32499.4,0
68500,-62.304754660013089,5398.43,0
68600,-174.70114652221014,35414.8,0
68700,-79.251354113024476,13432.6,0
68800,-144.9864654917609,22822.3,0
68900,-195.65180396631587,39752.4,0
69000,-133.59673379147273,22890.3,0
69100,-89.381276188355912,10207.2,0
69200,-189.98624207797059,42146.7,0
69300,-175.0042892650643,30652.2,0
69400,-129.30532258949714,17025.1,0
69500,-122.6832064796294,16594.6,0
69600,-181.66882550304959,41039.1,0
69700,-160.86371445540007,26216.0,0
69800,-209.36926330482845,46063.0,0
69900,-183.13865761910543,36505.1,0
70000,-152.29178852005589,35997.6,0
70100,-147.50480282760066,22039.6,0
70200,-115.89978637906694,16906.7,0
70300,-114.4547422024238,14341.6,0
70400,-47.038903508127014,4205.19,0
70500,-165.25886363427952,28838.4,0
70600,-137.51282121704244,20555.0,0
70700,-81.962455466237273,8671.59,0
70800,-59.24639823815788,7322.72,0
70900,-143.62673271403403,21428.5,0
71000,-127.65487335653296,16768.1,0
71100,-86.403568725930441,11812.6,0
71200,-140.07003364144967,30503.9,0
71300,-38.478943945263211,2178.55,0
71400,-184.05164178849398,33738.2,0
71500,-94.18755257107658,12182.1,0
71600,-62.915810546333425,5837.15,0
71700,-199.06732763698312,45284.5,0
71800,-133.77278628890315,18353.8,0
71900,-152.89077788763933,24570.6,0
72000,-79.238893264968368,12376.2,0
72100,-62.764561513710596,5816.6,0
72200,-47.166292840202367,3210.78,0
72300,-142.4897267058733,22819.0,0
72400,-191.19956984488789,37183.3,0
72500,-93.081908718118811,19420.2,0
72600,-118.09919077710178,19347.6,0
72700,-184.9722851533098,38883.2,0
72800,-49.713138037059252,3240.57,0
72900,-120.97262886769799,17541.5,0
73000,-150.861639952909,25299.6,0
73100,-161.63682175964479,28435.4,0
73200,-123.15593601855288,15727.8,0
73300,-188.85551418374885,36116.5,0
73400,-199.40541878169378,41149.3,0
73500,-113.81695326979367,14836.3,0
73600,-197.68445678353368,50202.8,0
73700,-126.32563653872306,16444.9,0
73800,-149.10020761762527,23095.7,0
73900,-127.27443683340648,17128.6,0
74000,-164.58195184372806,31895.9,0
74100,-162.79612116556248,28222.5,0
74200,-222.13994657568713,55484.6,0
74300,-177.77658759739569,32008.7,0
74400,-146.15936285477324,37202.7,0
74500,-170.0915279249509,29573.0,0
74600,-176.94124127490636,32191.6,0
74700,-87.848227421195958,10674.3,0
74800,-41.257691479972038,3343.84,0
74900,-116.78503119881843,15897.6,0
75000,-85.10035572645404,8343.63,0
75100,-162.92245381274205,28475.1,0
75200,-109.19017496914189,15174.6,0
75300,-209.75511223378248,46735.9,0
75400,-154.86276761768707,26775.3,0
75500,-121.50136123678045,15173.0,0
75600,-110.3289200233653,12835.9,0
75700,-95.566674041322585,9563.23,0
75800,-187.85701160458902,37297.2,0
75900,-217.51675574698947,50342.0,0
76000,-245.29319917016082,66382.2,0
76100,-193.60096804415696,37593.1,0
76200,-76.246258453483293,10513.8,0
76300,-149.01197421392806,26350.9,0
76400,-119.83677473093911,17108.2,0
76500,-171.52858829449897,32175.4,0
76600,-70.090895927793326,10165.0,0
76700,-138.78525215191624,29266.5,0
76800,-115.29514984410352,18463.0,0
76900,-196.8960656465197,51870.7,0
77000,-108.80431234249909,15580.7,0
77100,-144.47312207877954,21696.5,0
77200,-99.028397250908881,10210.1,0
77300,-120.08063497258713,14480.7,0
77400,-177.54005176829622,33022.4,0
77500,-155.99246415053676,24574.1,0
77600,-114.68660470196106,15643.4,0
77700,-176.91329485678801,42114.8,0
77800,-123.83889547564401,15856.0,0
77900,-143.20409680014276,20737.8,0
78000,-119.42044560998102,14940.5,0
78100,-131.47335771703112,20032.6,0
78200,-72.161150939646546,5588.8,0
78300,-130.14209122791178,17424.3,0
78400,-109.47178136686787,11814.3,0
78500,-210.79043287328304,46180.5,0
78600,-208.75794672865132,46084.2,0
78700,-62.378911595500682,4466.18,0
78800,-205.48380572103747,45530.0,0
78900,-129.50763424003785,20477.9,0
79000,-171.3861768173426,40240.5,0
79100,-72.885559920900548,9285.21,0
79200,-84.390998541678115,8930.23,0
79300,-131.94414400622654,19780.1,0
79400,-73.395293006340651,7930.49,0
79500,-187.46328734638692,37448.6,0
79600,-156.49830716224315,29972.5,0
79700,-232.01491417365108,54295.1,0
79800,-154.97643329732844,24605.4,0
79900,-178.12085747922379,37335.9,0
80000,-121.06013228762406,18027.3,0
80100,-87.174467219037439,8226.9,0
80200,-135.30947244315604,21585.1,0
80300,-105.56133529728955,12048.4,0
80400,-155.33314008749369,25330.7,0
80500,-166.47371330054781,31169.0,0
80600,-157.46755338170743,27646.0,0
80700,-126.36791160576689,17502.9,0
80800,-133.10791122532763,19378.4,0
80900,-103.68315828142511,12583.7,0
81000,-75.089689930364415,6234.81,0
81100,-73.135488551887534,6434.0,0
81200,-95.58884765775889,12967.5,0
81300,-32.003084132983147,1440.87,0
81400,-85.305355493111477,11595.0,0
81500,-181.16251218836379,37171.5,0
81600,-85.835909754283747,10409.8,0
81700,-147.41838008782653,26938.2,0
81800,-108.00115784115334,16041.0,0
81900,-205.63654719310995,45488.8,0
82000,-207.90887032124292,42969.8,0
82100,-165.85272413539644,30279.8,0
82200,-81.149161409514448,6817.16,0
82300,-149.54552647098686,28978.7,0
82400,-63.553109596546612,5942.94,0
82500,-136.02939431091247,21775.6,0
82600,-147.20130809456086,25369.2,0
82700,-133.65412956629939,17872.9,0
82800,-141.76358246437724,19935.3,0
82900,-85.736641587429801,8066.15,0
83000,-154.77211518605381,26805.7,0
83100,-155.32646179634895,25761.7,0
83200,-44.949326678549461,5098.39,0
83300,-69.844272287228534,5644.39,0
83400,-136.00735014986128,19034.8,0
83500,-97.643851669267818,9894.88,0
83600,-78.127851429526132,7521.29,0
83700,-29.274124444795362,1590.42,0
83800,-73.203717016856459,6674.77,0
83900,-148.9665303775873,25494.2,0
84000,-71.623169622911348,6296.63,0
84100,-58.269154040063377,3387.71,0
84200,-150.92131752563799,25640.1,0
84300,-104.61244699864601,11026.7,0
84400,-114.63040238051957,13109.3,0
84500,-100.8226888106893,13109.2,0
84600,-61.18534514749458,6345.98,0
84700,-164.19868574482223,36188.2,0
84800,-104.82629772175682,11884.7,0
84900,-41.585310804270335,3999.36,0
85000,-175.30089304910689,31842.5,0
85100,-197.50286576544127,39095.3,0
85200,-84.312266373845972,8960.29,0
85300,-100.46572226002729,12475.3,0
85400,-111.69324731855588,15251.3,0
85500,-141.73036386016824,20810.5,0
85600,-199.38273729899709,43600.6,0
85700,-222.75518870160028,51322.4,0
85800,-98.228057243617599,13682.7,0
85900,-134.24729289322684,20954.6,0
86000,-160.52906474252794,26142.1,0
86100,-160.82170649951763,27930.6,0
86200,-93.07200815927645,14747.7,0
86300,-143.61960528896418,22271.9,0
86400,-128.21876625506698,30292.6,0
86500,-185.36434308716747,35593.5,0
86600,-189.53968392833013,37228.1,0
86700,-86.665125374584491,11699.6,0
86800,-210.02711136366443,51551.3,0
86900,-127.47719477691282,17957.1,0
87000,-87.287961280270977,9068.35,0
87100,-85.63621170734514,7726.84,0
87200,-82.690210327729105,8323.37,0
87300,-177.18428575838985,36715.0,0
87400,-244.99332584256018,62501.3,0
87500,-91.058855039443273,11139.2,0
87600,-91.094226806163292,9664.69,0
87700,-139.65734006798161,25791.1,0
87800,-104.89301154854741,11764.3,0
87900,-266.23409107322522,70652.0,0
88000,-218.18552181345422,48194.4,0
88100,-120.76044438542399,15585.0,0
88200,-135.4327879452868,18695.9,0
88300,-71.489223412944554,6751.54,0
88400,-132.35688953549914,18939.2,0
88500,-102.26263574226596,18418.2,0
88600,-60.892236881621102,4648.77,0
88700,-119.62460642239849,14380.0,0
88800,-83.923268875859591,8057.01,0
88900,-259.44510368070962,68418.2,0
89000,-77.312849750892966,8238.5,0
89100,-124.83901882436402,17767.6,0
89200,-128.62237637329261,17117.6,0
89300,-86.01978558978891,12840.5,0
89400,-139.87165732394172,19915.7,0
89500,-149.06491296448564,22215.2,0
89600,-101.38502958891067,10685.9,0
89700,-27.884908379865855,1127.81,0
89800,-210.30221997192001,44470.3,0
89900,-200.74280064652484,40286.6,0
90000,-96.262360528360844,9874.32,0
90100,-108.67225322611102,14171.7,0
90200,-108.31124248979766,13178.7,0
90300,-245.30839165957283,62052.7,0
90400,-87.646711049699803,8849.96,0
90500,-101.65113606843337,16653.0,0
90600,-222.53344956371532,60460.5,0
90700,-204.15712714178974,43087.7,0
90800,-153.56888454219362,25207.7,0
90900,-144.19364636766844,25147.9,0
91000,-97.576419598578525,12781.0,0
91100,-196.66486002585188,40719.8,0
91200,-186.70107384856757,35788.0,0
91300,-136.35806975076969,19155.4,0
91400,-148.31024049248774,23630.8,0
91500,-136.56856212728769,19344.6,0
91600,-126.52096965377918,23021.5,0
91700,-245.3516161012061,66523.4,0
91800,-224.62066055219381,49988.6,0
91900,-174.09309014823816,31055.5,0
92000,-71.894079582454353,8043.48,0
92100,-196.29393178451193,45720.1,0
92200,-115.56544994722066,24072.6,0
92300,-145.58198308838112,25464.7,0
92400,-80.007946238311362,8216.15,0
92500,-228.5473734361928,53097.2,0
92600,-87.698618898945114,9443.61,0
92700,-110.2044622952457,14818.5,0
92800,-113.25424292412761,13614.6,0
92900,-86.814036258078815,8219.73,0
93000,-185.92321620995872,35040.7,0
93100,-190.91483727291049,38279.5,0
93200,-97.105892975592653,10760.3,0
93300,-116.3392578851054,14114.5,0
93400,-143.69093890399901,21280.6,0
93500,-102.90636284158428,11550.0,0
93600,-86.60652832515045,16163.6,0
93700,-87.024586707729142,11492.8,0
93800,-210.24311718277372,44650.0,0
93900,-89.55138244546059,8119.58,0
94000,-92.292191829688178,10053.4,0
94100,-140.75141364412605,20321.7,0
94200,-224.94698395549932,51919.1,0
94300,-92.587011957406219,9415.34,0
94400,-138.30655540535275,26189.3,0
94500,-182.89440143898111,33137.0,0
94600,-96.739812934955438,10771.2,0
94700,-145.57963181672281,23661.8,0
94800,-124.91230068918627,20522.6,0
94900,-145.17409525228794,21112.9,0
95000,-123.31832797078079,15796.6,0
95100,-175.5277334579151,32100.5,0
95200,-164.34972758333191,32320.8,0
95300,-114.9671768096859,14026.9,0
95400,-119.21768785998088,15056.3,0
95500,-101.60291052497827,10423.4,0
95600,-140.39335028834762,20009.8,0
95700,-71.068339642408105,5171.86,0
95800,-184.44830069982851,35248.2,0
95900,-151.52427897901993,24390.6,0
96000,-90.134480302126832,9650.02,0
96100,-42.320963295046091,1863.32,0
96200,-195.00568875239892,48912.0,0
96300,-88.99872738373044,8982.46,0
96400,-165.53082760997415,29212.5,0
96500,-122.04071867539096,15969.0,0
96600,-83.965678519481656,8073.83,0
96700,-124.16040658212505,15090.1,0
96800,-149.92858506695845,25933.4,0
96900,-189.27198603643828,37901.9,0
97000,-97.373932286219883,11722.5,0
97100,-226.26042886191189,51436.1,0
97200,-122.92156347728093,16076.3,0
97300,-123.85653534689949,15369.6,0
97400,-184.99987125238448,39507.7,0
97500,-105.92264616404027,12081.4,0
97600,-255.92772562701171,71129.0,0
97700,-22.809950690001578,735.068,0
97800,-27.565721195315437,3809.83,0
97900,-168.24374295079699,37679.9,0
98000,-155.76221591054679,25989.3,0
98100,-123.93510249296877,17473.1,0
98200,-88.998240639755082,8423.02,0
98300,-149.22020807328192,25858.5,0
98400,-101.77178239949211,10967.1,0
98500,-78.217224285436004,7486.62,0
98600,-134.04396223201596,18536.1,0
98700,-174.72933497746396,31530.3,0
98800,-114.03375852939286,15418.4,0
98900,-182.81457051776354,36734.7,0
99000,-219.73301640931248,58525.7,0
99100,-154.74842073994381,29837.3,0
99200,-108.04708868691236,11625.4,0
99300,-15.813693006295312,351.412,0
99400,-251.28178554783335,69088.9,0
99500,-122.27818052204975,14807.2,0
99600,-49.922615658060167,4285.51,0
99700,-107.85025075352758,16274.2,0
99800,-88.69532148358708,7837.82,0
99900,-96.789163563486397,10593.1,0
100000,-110.09640965005234,12378.6,0
