Timestep,Average Reward,C Loss,M Loss
100,-1.2870297517822118,0.696201,0
200,-2.5029230864963945,1.36466,0
300,-2.5432665355392472,1.89987,0
400,-0.96849256612303203,0.508754,0
500,-2.6321299806453804,2.3862,0
600,-1.3759151453664342,0.370346,0
700,-2.1678170077362533,1.30234,0
800,-0.88466881042852719,0.183143,0
900,-0.53765266563108771,0.417092,0
1000,-2.9741878667525974,3.33253,0
1100,-2.3749623670369213,2.01183,0
1200,-1.2857591771105619,0.393479,0
1300,-0.55580788755679411,1.32676,0
1400,-3.1822603586078264,4.39441,0
1500,-1.4776241452787855,0.439326,0
1600,-0.86393986756486696,0.138156,0
1700,-0.42606672927953482,0.778599,0
1800,-0.26274610253592173,0.405046,0
1900,-1.1446454329539753,0.526691,0
2000,-0.57465260984048949,0.0978099,0
2100,-2.0810720582706157,2.46769,0
2200,-0.82213690015163432,0.222547,0
2300,-2.0000132677705817,2.40406,0
2400,-2.1172448390231096,2.55479,0
2500,-0.56249796543510522,0.0623871,0
2600,-0.39838351082871148,0.103738,0
2700,-0.74012730449544972,0.300795,0
2800,-1.173566227778799,0.711886,0
2900,-2.4491498344083782,4.78734,0
3000,-1.2797164524467985,0.934422,0
3100,-0.88632328745021738,0.404457,0
3200,-0.76577294176614497,0.262287,0
3300,-2.5066042955543981,5.15749,0
3400,-0.19563663467985223,0.116613,0
3500,-2.964912534237337,7.48466,0
3600,-1.2208161787521674,1.1311,0
3700,-0.27567887503561461,0.0925096,0
3800,-2.8687073534950063,7.15433,0
3900,-1.1530657202966323,0.86964,0
4000,-0.22031179721903993,0.0884373,0
4100,-2.8561060833693874,7.00946,0
4200,-0.43322781866225091,0.0505971,0
4300,-0.61418841727350848,0.224882,0
4400,-2.9369970523245224,7.54829,0
4500,-0.6011742893528933,0.155189,0
4600,-1.6571891849497311,2.0044,0
4700,-0.47554232267001084,0.0431505,0
4800,-1.0697788271141162,0.694622,0
4900,-1.0957889911925924,0.836681,0
5000,-0.95836481303630805,0.667445,0
5100,-0.92406125866066002,0.538066,0
5200,-1.5938372035027311,1.96127,0
5300,-0.41257153495304794,0.0808984,0
5400,-2.2264655169854386,4.13104,0
5500,-1.0110497867153909,0.663701,0
5600,-1.9132004265848901,2.96288,0
5700,-1.281837709482949,1.08896,0
5800,-0.54809025245138332,0.12778,0
5900,-0.51855805805575961,0.103999,0
6000,-1.0654650948867985,0.805828,0
6100,-2.0968092518071879,3.45735,0
6200,-0.54348197217923133,0.111866,0
6300,-1.5355015359436477,1.69769,0
6400,-2.0237790336376364,2.85474,0
6500,-0.63826004746654785,0.129975,0
6600,-2.1357383891205917,3.13774,0
6700,-1.2387817747478693,0.829579,0
6800,-1.8010421768629954,2.3804,0
6900,-0.12840537036166122,0.0737344,0
7000,-2.2119769239733982,3.82815,0
7100,-0.14347627078878833,0.15313,0
7200,-3.4356079362043874,10.1232,0
7300,-1.705706698087321,2.1526,0
7400,-0.49615676624634164,0.0775737,0
7500,-0.48391475335383299,0.0721184,0
7600,-0.346132685953081,0.0288899,0
7700,-0.75586028983910214,0.328845,0
7800,-0.64779937095807094,0.264282,0
7900,-2.2554104611982164,4.34614,0
8000,-2.6752860238603353,6.14693,0
8100,-1.4240151235108103,1.40757,0
8200,-1.7360459711260432,2.14008,0
8300,-1.9102438213444,2.63103,0
8400,-1.6903101620988477,1.89621,0
8500,-1.6927996241410721,1.8685,0
8600,-2.0644511214773917,3.20515,0
8700,-0.50371459468902569,0.0590345,0
8800,-0.6811705060952481,0.199226,0
8900,-1.9359458152638864,2.84506,0
9000,-1.5662412949263491,1.69818,0
9100,-1.8976710857956796,2.47724,0
9200,-1.3164067082112825,0.938813,0
9300,-0.80317817374886968,0.244922,0
9400,-1.44847425102438,1.30197,0
9500,-0.45954082389393369,0.0319892,0
9600,-0.40155076105336929,0.0203051,0
9700,-0.96339272976922419,0.503369,0
9800,-1.8037929008608202,2.46557,0
9900,-2.385259394192258,4.67636,0
10000,-1.1205292235267204,0.757286,0
10100,-0.83130778928397053,0.425336,0
10200,-3.0732161659113579,8.22908,0
10300,-0.69611823635848669,0.243875,0
10400,-0.59862715718145265,0.169252,0
10500,-1.1814908953208954,0.936258,0
10600,-0.76091481118934501,0.27398,0
10700,-1.4054984877304897,1.38497,0
10800,-0.81233995632430533,0.352098,0
10900,-1.5182083581125119,1.70173,0
11000,-0.80974106812389124,0.305515,0
11100,-1.7372229743645307,2.2482,0
11200,-0.2682232575682722,0.00462107,0
11300,-0.70883638289315298,0.23057,0
11400,-0.92292462477816484,0.518315,0
11500,-0.64179292208245176,0.21095,0
11600,-2.0426300703051026,3.35908,0
11700,-1.1511176226483231,0.871552,0
11800,-2.1135550314523197,3.60529,0
11900,-0.78823095887799222,0.32733,0
12000,-0.12126306567018431,0.0160577,0
12100,-0.93221558911087754,0.528682,0
12200,-1.3247366754312428,1.22617,0
12300,-1.4671068689316444,1.55418,0
12400,-0.22287438071689622,0.00522962,0
12500,-0.85452612845656684,0.404388,0
12600,-1.3989724423047434,1.2879,0
12700,-0.64929647064791407,0.183191,0
12800,-1.1931902412812359,0.946219,0
12900,-1.4965853086889549,1.63438,0
13000,-0.14786430453037996,0.00746216,0
13100,-0.40372173588531396,0.0477946,0
13200,-1.47834782244688,1.55778,0
13300,-0.75323079099132539,0.337816,0
13400,-3.0542887234742375,8.01391,0
13500,-0.75779703391534847,0.304339,0
13600,-2.8506972600938036,6.83355,0
13700,-2.6339822203365197,5.72056,0
13800,-0.69887090662337414,0.208936,0
13900,-1.5004987060369863,1.59198,0
14000,-1.5684474773020727,1.75179,0
14100,-0.60150996659703471,0.132094,0
14200,-0.52195183476241314,0.0966312,0
14300,-1.6514484966601257,1.97865,0
14400,-0.054995704951479797,0.0500134,0
14500,-0.49485932214101713,0.0802163,0
14600,-2.1315858890632677,3.53866,0
14700,-0.0096122051384514243,0.074358,0
14800,-0.14839132309800107,0.0295177,0
14900,-0.97912757825753827,0.546986,0
15000,-1.8980486413285413,2.74344,0
15100,-0.75987410475881279,0.263117,0
15200,-0.83063877844813749,0.374358,0
15300,-2.5491778692822531,5.2337,0
15400,-0.33836730317385993,0.0141755,0
15500,-1.1262403928884175,0.745637,0
15600,-1.3136015743938552,1.06432,0
15700,-1.0984327034878447,0.702527,0
15800,-0.42385480160309841,0.0305575,0
15900,-0.12620063939351039,0.0756549,0
16000,-2.4678307240189499,4.88973,0
16100,-0.30679798421739535,0.00314596,0
16200,-0.59712242301409513,0.137368,0
16300,-2.0577099090800592,3.21824,0
16400,-2.2859405710069303,4.05054,0
16500,-2.2343149486861615,3.85922,0
16600,-1.335378546916302,1.13784,0
16700,-0.54494617164821868,0.0775058,0
16800,-0.64335585025967612,0.158336,0
16900,-1.8176900964714471,2.40968,0
17000,-0.26864279875555791,0.058854,0
17100,-2.687614708553848,5.78342,0
17200,-0.76913685475033799,0.235383,0
17300,-1.6129216994736659,1.79589,0
17400,-0.073346296999761723,0.0620837,0
17500,-0.62462674683125274,0.108301,0
17600,-1.4408004323579451,1.34843,0
17700,-0.61345649227791876,0.154205,0
17800,-2.6916176340308984,5.82958,0
17900,-0.19458798608636038,0.0131783,0
18000,-0.55308381378280269,0.0715777,0
18100,-1.0641728476740304,0.602106,0
18200,-0.51448531236546091,0.0619427,0
18300,-1.4506656316692794,1.36299,0
18400,-3.3247229186957714,9.14843,0
18500,-1.0708568927424806,0.625595,0
18600,-2.4855120523977985,4.76679,0
18700,-1.1726994901350027,0.759909,0
18800,-1.2900664554945813,0.968837,0
18900,-1.3870970999715968,1.16852,0
19000,-1.0447287824847635,0.542684,0
19100,-0.52177898480943352,0.0724805,0
19200,-2.0948341134147506,3.18322,0
19300,-0.87257105194806017,0.313196,0
19400,-1.5006286020468709,1.42969,0
19500,-1.5023422849835719,1.39678,0
19600,-1.0991163114632627,0.609841,0
19700,-1.0656043140894158,0.562976,0
19800,-0.7787691012062079,0.211245,0
19900,-0.75207045761675761,0.196855,0
20000,-0.10930360921616064,0.05225,0
20100,-0.41850660108395871,0.00503242,0
20200,-0.45315410533220069,0.0307972,0
20300,-1.5893829473831667,1.60448,0
20400,-1.9135134260215441,2.54078,0
20500,-0.28381283230040694,0.0114075,0
20600,-1.0826620128694968,0.571013,0
20700,-0.53392826286594552,0.0449401,0
20800,-0.31477560353004147,0.000511879,0
20900,-0.10634134257633451,0.062893,0
21000,-0.45279568788290975,0.0100379,0
21100,-0.23479565930186552,0.0153148,0
21200,-0.67432789826112693,0.120507,0
21300,-0.55461823179056902,0.0587156,0
21400,-1.2142399140931728,0.78419,0
21500,-1.066192078954062,0.543489,0
21600,-0.59957033952432348,0.0848832,0
21700,-1.733619720132201,1.96183,0
21800,-2.109123884794426,3.14184,0
21900,-2.9979721918719675,7.03021,0
22000,-1.9429120627916359,2.52878,0
22100,-0.62927886472731887,0.0851343,0
22200,-1.42600110324692,1.16556,0
22300,-0.15630607246886169,0.0781794,0
22400,-1.8843553308646994,2.31967,0
22500,-2.4974636650982136,4.5789,0
22600,-1.0265174025200716,0.449221,0
22700,-1.0644935390543866,0.50493,0
22800,-0.8383526934783454,0.23255,0
22900,-1.1045094199518763,0.565694,0
23000,-0.13523761335444859,0.0657707,0
23100,-0.5613688233080748,0.0374651,0
23200,-0.24266229749793611,0.0372457,0
23300,-1.5927922821141152,1.53549,0
23400,-0.55548330411746194,0.0370378,0
23500,-0.82131563916955219,0.214639,0
23600,-0.69282079406554975,0.113713,0
23700,-0.39437096188157261,0.0014473,0
23800,-0.45465509745811888,0.0340123,0
23900,-1.9892585137385672,2.61801,0
24000,-1.1559910670408118,0.634017,0
24100,-2.2401118604780494,3.51746,0
24200,-0.15822858670276752,0.0741227,0
24300,-0.95661869720909221,0.322294,0
24400,-0.38281877559492122,0.0198626,0
24500,-1.7369007985747529,1.86501,0
24600,-0.22350601675549117,0.0372707,0
24700,-1.1016981053322983,0.526527,0
24800,-0.63449010613429591,0.0731605,0
24900,-1.3881145938881945,1.02999,0
25000,-0.59864987330368979,0.0537418,0
25100,-1.2470164471497658,0.781749,0
25200,-3.0549165314351203,7.19728,0
25300,-0.6303026192524267,0.0652189,0
25400,-1.3295776111924738,0.889135,0
25500,-1.9990614629045385,2.58682,0
25600,-1.2982070468487654,0.828848,0
25700,-2.3240006890270153,3.75576,0
25800,-0.73698624376249311,0.118982,0
25900,-0.9837453149398051,0.35249,0
26000,-1.5547168790650616,1.34378,0
26100,-1.2894248827167325,0.792503,0
26200,-0.56427467703095435,0.0283897,0
26300,-0.23808256013053467,0.045262,0
26400,-1.3915561398551284,0.957915,0
26500,-0.45882976921077701,0.0245166,0
26600,-1.9320083246156372,2.32666,0
26700,-1.8580993619979376,2.11752,0
26800,-0.76772528309356647,0.173941,0
26900,-2.8617780818579064,6.00713,0
27000,-2.6260825872773643,4.87794,0
27100,-3.2106001094983028,7.87223,0
27200,-0.68230372886586355,0.0851099,0
27300,-1.82892392156602,2.0066,0
27400,-0.47975372359545509,0.0274879,0
27500,-2.029753466917259,2.57058,0
27600,-1.7139088240633651,1.64465,0
27700,-1.9932653088625412,2.44434,0
27800,-1.8840193206247593,2.11122,0
27900,-0.39314331075754816,0.0125798,0
28000,-1.4253057973214951,0.979808,0
28100,-0.9836968118637468,0.306458,0
28200,-0.93730880097918634,0.257256,0
28300,-0.38628037445500801,0.00335742,0
28400,-0.47054062003593522,0.0042066,0
28500,-1.0421802040614674,0.381622,0
28600,-2.11516178902649,2.82352,0
28700,-1.3461260712597913,0.82385,0
28800,-0.3336493954133154,0.0328578,0
28900,-1.493604772285873,1.09114,0
29000,-0.98942161609016166,0.299674,0
29100,-1.2104378118014902,0.588133,0
29200,-1.0112780852481205,0.322627,0
29300,-1.3904858509426126,0.881375,0
29400,-1.08609459659518,0.428808,0
29500,-2.7766975879773872,5.3901,0
29600,-1.6645269687265509,1.4931,0
29700,-0.16976666436305582,0.139003,0
29800,-1.9067730749016425,2.03548,0
29900,-1.2047151255749595,0.557717,0
30000,-0.31832895755324242,0.0391907,0
30100,-1.3208956766758655,0.727485,0
30200,-1.3209907927555786,0.74336,0
30300,-1.5583633711409062,1.2033,0
30400,-0.69651252896051785,0.05615,0
30500,-0.32247616743979413,0.0862983,0
30600,-2.7219799556552613,5.12834,0
30700,-0.20189434831518985,0.146244,0
30800,-2.4393526959624769,3.82345,0
30900,-0.89717734614824562,0.185422,0
31000,-0.26219279875037016,0.0600765,0
31100,-1.0729232472730559,0.347248,0
31200,-1.0523865012816591,0.339987,0
31300,-1.9419320047246023,2.1733,0
31400,-0.095312819332548829,0.200509,0
31500,-0.48329203049607977,0.072199,0
31600,-1.212568223701417,0.475141,0
31700,-0.88704615830178413,0.190311,0
31800,-2.4744355268616429,3.95114,0
31900,-1.3030969124712592,0.678053,0
32000,-1.3864217075101823,0.814853,0
32100,-1.2050222859295885,0.522972,0
32200,-0.36127391571893552,0.0449297,0
32300,-1.938716236938667,2.11471,0
32400,-0.38757029604449739,0.0660994,0
32500,-2.614737330669076,4.47204,0
32600,-2.521049525561633,4.1203,0
32700,-0.84564108148330563,0.125201,0
32800,-1.0178475732647008,0.282174,0
32900,-1.7526110367802188,1.56959,0
33000,-0.88831613316975866,0.153032,0
33100,-0.84262275938091391,0.131551,0
33200,-1.9361413959770439,2.07554,0
33300,-3.1459459451983123,6.97595,0
33400,-1.4820640256787372,0.944097,0
33500,-1.6924630404618863,1.40101,0
33600,-0.052492304687782945,0.279304,0
33700,-0.038101912426372044,0.50581,0
33800,-1.5726080748351925,0.893444,0
33900,-1.2187686206015977,0.50378,0
34000,-0.53932964703011965,0.020842,0
34100,-1.9313830625829826,2.01475,0
34200,-0.97239386447664056,0.208499,0
34300,-1.3632474050751771,0.730878,0
34400,-0.36802304634778082,0.0468325,0
34500,-1.5323714960275558,1.01326,0
34600,-1.4482653222840878,0.872903,0
34700,-0.36718335490467124,0.0366732,0
34800,-0.16114691366381326,0.243464,0
34900,-1.5430978061399556,0.960045,0
35000,-0.42950141381713913,0.0232978,0
35100,-1.3059187303456745,0.615586,0
35200,-2.1416015199275567,2.62219,0
35300,-0.82627249474579689,0.0926695,0
35400,-0.20593868792349768,0.125122,0
35500,-0.06690942012577944,0.426445,0
35600,-1.6391045428413265,1.14522,0
35700,-2.171125836271258,2.69045,0
35800,-0.65591864898020813,0.0232434,0
35900,-1.4594647881492562,0.873322,0
36000,-0.42790365847951295,0.0169796,0
36100,-0.1163182270353233,0.29591,0
36200,-1.7444555365472727,1.25428,0
36300,-2.3401101458062219,3.24899,0
36400,-2.5036898286467224,3.87027,0
36500,-1.8996645347939796,1.84664,0
36600,-1.6900931168886861,1.33055,0
36700,-0.405333501900973,0.0570369,0
36800,-2.0591549286431374,2.24467,0
36900,-1.7323773485063334,1.40601,0
37000,-1.4741885455942554,0.85072,0
37100,-0.52295388673980792,0.00537351,0
37200,-1.0648375854981156,0.269814,0
37300,-0.12381885223082584,0.250094,0
37400,-0.54836495368471061,0.0286756,0
37500,-0.57516659638373491,0.020009,0
37600,-1.0443705782678432,0.229845,0
37700,-1.0972238277888946,0.30417,0
37800,-0.58942457121390679,0.00168002,0
37900,-0.56550123186587942,0.0419885,0
38000,-2.5826351567410768,4.15876,0
38100,-0.57672282286517362,0.0153878,0
38200,-1.7801788869819561,1.50042,0
38300,-1.6166525788924013,1.12821,0
38400,-0.77208369213991868,0.0460251,0
38500,-0.64554703910578848,0.00795031,0
38600,-0.72763003296691464,0.0301782,0
38700,-0.41072367806051596,0.0454688,0
38800,-1.5311335738026717,0.936546,0
38900,-2.2600349653062421,2.88247,0
39000,-1.0754560681477634,0.263202,0
39100,-0.4937612348191317,0.0194681,0
39200,-1.562533742717013,0.976252,0
39300,-1.2496439962352968,0.466369,0
39400,-0.38126093889054341,0.0553167,0
39500,-0.35030974786109959,0.133659,0
39600,-1.3091081041229609,0.489983,0
39700,-1.4273581962516908,0.722914,0
39800,-1.4679990281210329,0.802648,0
39900,-0.41549575986759835,0.0430503,0
40000,-0.87831104034892904,0.0874877,0
40100,-0.22061593149249417,0.183399,0
40200,-1.6930269098055037,1.19956,0
40300,-1.0932587057596024,0.273717,0
40400,-2.0477744351217924,2.13956,0
40500,-2.1188822231710089,2.35456,0
40600,-1.5475595362125327,0.942119,0
40700,-0.11077050974885867,0.306309,0
40800,-1.0226389763813022,0.135432,0
40900,-1.1289601578453026,0.29394,0
41000,-1.3616365787089446,0.595104,0
41100,-0.87932816731446506,0.0883076,0
41200,-1.5737303653765686,0.965755,0
41300,-0.62439935880866715,0.0105416,0
41400,-1.6130188110124035,1.04121,0
41500,-2.5692550907526179,3.87856,0
41600,-2.3410178816605303,3.02703,0
41700,-1.6740106196422062,1.16126,0
41800,-3.0209791443979066,5.90234,0
41900,-0.1532525116220953,0.292532,0
42000,-1.5779541559998551,0.87596,0
42100,-0.48456946193012018,0.0240205,0
42200,-0.81930007070614352,0.0596146,0
42300,-2.2042195664372453,2.58983,0
42400,-0.11146248084585729,0.325994,0
42500,-0.84685477795432851,0.0558139,0
42600,-2.037099185507647,1.97609,0
42700,-1.5312373924013567,0.839031,0
42800,-1.5301018772396529,0.842704,0
42900,-0.72901337478915396,0.0150797,0
43000,-0.25402058061287813,0.182515,0
43100,-1.0100394830568369,0.1178,0
43200,-1.1608437077575486,0.299845,0
43300,-0.41817642083112461,0.0674641,0
43400,-1.452499463570545,0.668633,0
43500,-1.1148830070457265,0.255107,0
43600,-2.1879284091491855,2.44468,0
43700,-2.6403218649292315,4.11605,0
43800,-0.30705062813752465,0.139735,0
43900,-0.22202119947541923,0.374116,0
44000,-1.0467589452636508,0.162801,0
44100,-3.1307807417768099,6.22193,0
44200,-0.4621178732391838,0.0495973,0
44300,-1.2543521954350789,0.369008,0
44400,-0.77425550902784834,0.0234883,0
44500,-0.35130962783525832,0.138975,0
44600,-1.9894210042412337,1.79391,0
44700,-1.0719481594945313,0.201298,0
44800,-1.9256114695154125,1.70081,0
44900,-0.10506258765021841,0.530413,0
45000,-3.4554309454549421,7.58353,0
45100,-0.84978725262997556,0.0508746,0
45200,-0.14886070185960365,0.355268,0
45300,-1.7210153760210805,1.05743,0
45400,-1.6543107223441786,1.02098,0
45500,-0.64778265681918124,0.00280409,0
45600,-0.14554544391921917,0.30976,0
45700,-0.35507552887146654,0.240549,0
45800,-0.56553043238411826,0.159301,0
45900,-2.2817133862799133,2.48057,0
46000,-0.99780757284331145,0.124313,0
46100,-1.2505249470419479,0.373498,0
46200,-0.63434596843880753,0.00545643,0
46300,-1.3462755938174602,0.499594,0
46400,-0.58989802300539718,0.00544862,0
46500,-0.46515364527140252,0.062336,0
46600,-0.15472148859840321,0.523741,0
46700,-0.57070830192244226,0.212142,0
46800,-1.4453316480083622,0.530499,0
46900,-0.28939133689451418,0.204017,0
47000,-1.0767507676421644,0.14512,0
47100,-1.6642448052570771,1.06051,0
47200,-3.1487107933036902,6.27224,0
47300,-2.2611837576323244,2.59943,0
47400,-1.151348259728181,0.250249,0
47500,-1.459642070029507,0.642816,0
47600,-0.89375605175170758,0.0605387,0
47700,-1.4121578436358262,0.575486,0
47800,-1.897309670154723,1.52536,0
47900,-1.1949084703676807,0.295289,0
48000,-2.1185766050045052,2.12368,0
48100,-1.5434556434504398,0.772449,0
48200,-2.3280558267921667,2.74975,0
48300,-2.1860050296380855,2.33885,0
48400,-0.18521423373520565,0.33382,0
48500,-1.0567312192931242,0.10903,0
48600,-0.15009621494710304,0.438965,0
48700,-1.5390792938478066,0.626055,0
48800,-0.18553066202292409,0.377694,0
48900,-1.5585333661150775,0.704554,0
49000,-0.4908953156811196,0.0449882,0
49100,-0.45534065584472316,0.125535,0
49200,-1.9196746922479662,1.44895,0
49300,-2.423870344122812,3.09741,0
49400,-0.40983815208875574,0.0922283,0
49500,-0.67724914727617969,0.0809351,0
49600,-3.2176984292717439,6.40485,0
49700,-1.3984402074736146,0.519772,0
49800,-1.6044133504252174,0.873923,0
49900,-0.21593859883855832,0.290897,0
50000,-0.6811830658646888,0.1084,0
50100,-2.6934800479108203,3.99685,0
50200,-0.58257024609020436,0.037802,0
50300,-1.9665368958171223,1.61611,0
50400,-2.2410706339564448,2.4205,0
50500,-2.007228267543105,1.7399,0
50600,-1.6912916484687772,1.00149,0
50700,-2.3022549602740465,2.60065,0
50800,-1.2762810652775707,0.341542,0
50900,-0.86787650109753134,0.0319901,0
51000,-0.39789045465390921,0.114549,0
51100,-0.56956898120825339,0.072055,0
51200,-0.082146071418816344,0.681565,0
51300,-0.49307827488894368,0.431228,0
51400,-0.62329613029638631,0.325544,0
51500,-0.56250500161384731,0.373519,0
51600,-0.23482147244993498,0.998839,0
51700,-0.77410647078120776,0.344047,0
51800,-0.27500989580824953,0.865216,0
51900,-0.78675471019990451,0.428505,0
52000,-2.0055943287098943,1.37494,0
52100,-3.1292249369493792,5.91554,0
52200,-2.0741145816967772,1.93205,0
52300,-0.83143305581377458,0.0201304,0
52400,-1.109934162168547,0.174979,0
52500,-0.99361147177444653,0.0992843,0
52600,-1.9339342016412349,1.56218,0
52700,-0.31886292450984771,0.201284,0
52800,-0.69540761918397664,0.0410881,0
52900,-0.14511550092211561,0.631013,0
53000,-0.3875023028073869,0.600026,0
53100,-0.14964915003481255,1.54098,0
53200,-1.517556860845227,0.579147,0
53300,-3.7946022504079497,9.42333,0
53400,-0.58637410144395941,0.0173791,0
53500,-0.65850633705158235,0.0102692,0
53600,-0.86089897791545444,0.0215973,0
53700,-0.78691845152676987,0.0122472,0
53800,-1.3353933528044186,0.412621,0
53900,-0.81535727705271255,0.0197924,0
54000,-0.11282905356420281,0.489595,0
54100,-0.24073993704692245,0.692788,0
54200,-0.35294803835938587,1.22021,0
54300,-2.3457652829079789,2.12247,0
54400,-1.4413498004405838,0.519784,0
54500,-0.6444529088943588,0.0145536,0
54600,-1.4173544033116121,0.51253,0
54700,-0.71256333819729689,0.000498391,0
54800,-0.61086604571869929,0.0450731,0
54900,-2.3510440270617377,2.74385,0
55000,-1.0230319092093949,0.109409,0
55100,-0.44209000588790476,0.0878905,0
55200,-0.26248186141669699,0.488391,0
55300,-0.66322052254562092,0.214123,0
55400,-1.3087460417747681,0.316229,0
55500,-2.5848881000903776,3.54773,0
55600,-2.3774190432037003,2.83326,0
55700,-0.71021218956227938,0.000729851,0
55800,-0.4856838354499336,0.075351,0
55900,-1.1984711394172942,0.233838,0
56000,-1.2464509035750662,0.298348,0
56100,-0.55395366666163748,0.034827,0
56200,-0.63318943936945948,0.0522982,0
56300,-1.4452861974796758,0.525021,0
56400,-0.34761493477466565,0.20381,0
56500,-0.45457209217631239,0.277356,0
56600,-1.9725763789637827,1.44344,0
56700,-0.48676364225039109,0.0857938,0
56800,-1.6433051903049354,0.860918,0
56900,-0.47984717892883405,0.0921344,0
57000,-1.2486036579278859,0.263808,0
57100,-0.38194021112916698,0.146687,0
57200,-0.92907129480478323,0.0413597,0
57300,-1.8148419673568699,1.21011,0
57400,-1.1856115952714097,0.228199,0
57500,-0.61246919894900509,0.0505574,0
57600,-2.4277240677064409,2.92724,0
57700,-2.4760472658642909,3.12093,0
57800,-0.43089197413718255,0.145424,0
57900,-1.5923662164867443,0.730084,0
58000,-0.093433363798572255,0.549484,0
58100,-1.7302966389636967,0.840905,0
58200,-1.88110654839922,1.36209,0
58300,-0.35571179294374744,0.214822,0
58400,-0.8707278462198379,0.0221792,0
58500,-0.93348156296437168,0.0425675,0
58600,-0.25809696028275703,0.330351,0
58700,-1.3509538661405034,0.328496,0
58800,-1.1961666060656317,0.231039,0
58900,-0.3257422109140638,0.294485,0
59000,-2.0465315664528902,1.51696,0
59100,-0.20201760670246494,0.449272,0
59200,-2.7150942171272208,3.7515,0
59300,-1.9079464255138425,1.40525,0
59400,-0.66715239694988993,0.0196774,0
59500,-1.728548441110322,0.982457,0
59600,-1.4205586923785043,0.47196,0
59700,-2.0551144314275529,1.74368,0
59800,-1.5548479555495922,0.672441,0
59900,-0.98693747304567736,0.0625254,0
60000,-0.94925177568126273,0.0772252,0
60100,-2.7041523471792641,3.92981,0
60200,-0.021867419766620586,0.663847,0
60300,-0.96478159189280621,0.0470578,0
60400,-1.3878317257574964,0.400694,0
60500,-0.22357191252098046,0.426179,0
60600,-1.2702511912184469,0.204974,0
60700,-0.7751700099508817,0.014292,0
60800,-1.9057217534008064,1.35949,0
60900,-0.9613310048487469,0.0627977,0
61000,-2.2205382006450298,2.18909,0
61100,-0.91807426579984475,0.0316815,0
61200,-1.4898420050474559,0.548472,0
61300,-1.7002531855296581,0.901985,0
61400,-1.8891042841575723,1.3093,0
61500,-0.5087596096511644,0.0816094,0
61600,-0.49023684499738268,0.172334,0
61700,-2.0163558327730242,1.52463,0
61800,-1.7506967171832839,0.988258,0
61900,-2.1057175113495461,1.82929,0
62000,-0.75609719003566267,0.0206733,0
62100,-2.1545285017062876,1.96563,0
62200,-0.45484758211327359,0.113174,0
62300,-0.46794243312785161,0.217181,0
62400,-1.2935167257104763,0.235279,0
62500,-0.53400089529340489,0.128235,0
62600,-2.6008515815322766,3.37518,0
62700,-0.85543375686699752,0.0136742,0
62800,-0.13658480959559605,0.626871,0
62900,-2.2909044333569359,2.21623,0
63000,-0.25015526632438478,0.398337,0
63100,-0.5666023032588714,0.29265,0
63200,-1.0983483194820536,0.0931446,0
63300,-0.67206706004070638,0.0387748,0
63400,-0.716927220205409,0.0932824,0
63500,-2.7171009165502129,3.78227,0
63600,-0.73193377680462124,0.00776929,0
63700,-1.4786496452803946,0.515378,0
63800,-0.34244938902041555,0.277305,0
63900,-0.13257912198256575,0.874525,0
64000,-0.77306567494589828,0.356172,0
64100,-1.2784773071969764,0.206312,0
64200,-1.3624512685585342,0.31536,0
64300,-0.39776746331830581,0.223656,0
64400,-0.2013708934492193,0.737426,0
64500,-0.236970700878013,1.3022,0
64600,-1.1458765932021477,0.382461,0
64700,-1.4059532180197052,0.305781,0
64800,-0.20509220599055239,0.579622,0
64900,-2.2323565641558467,1.90447,0
65000,-2.7537424764883638,3.95938,0
65100,-1.516283734496114,0.566345,0
65200,-1.5254721804417428,0.599802,0
65300,-0.043220210733062342,0.805521,0
65400,-1.9047093933978423,1.15969,0
65500,-2.2275983800389869,2.16246,0
65600,-0.32511380785009736,0.280112,0
65700,-0.11135137512788203,0.906476,0
65800,-1.1738062494992789,0.223049,0
65900,-2.6374753405953073,3.2067,0
66000,-1.0864324096870686,0.102095,0
66100,-1.685517465675991,0.836126,0
66200,-2.0495276119418833,1.62524,0
66300,-1.3740329324952609,0.364651,0
66400,-0.5013524269964641,0.107774,0
66500,-1.4590255403921182,0.450665,0
66600,-2.4093985654869745,2.68306,0
66700,-0.719233109966812,0.00901045,0
66800,-0.19777612468868344,0.549806,0
66900,-2.5108482413778681,2.71574,0
67000,-1.0563948946978239,0.079357,0
67100,-1.7013072298002732,0.854831,0
67200,-0.76700934069290327,0.00125448,0
67300,-0.52509456937955401,0.0987318,0
67400,-1.1195883924012802,0.101989,0
67500,-0.18169023828117581,0.524036,0
67600,-0.22212319456792362,0.860099,0
67700,-1.8119871601771811,0.736526,0
67800,-2.1102026005288739,1.70614,0
67900,-0.54075808233320322,0.0987646,0
68000,-1.1949969284972015,0.154338,0
68100,-0.38461789647059758,0.214388,0
68200,-0.57469414567849786,0.223329,0
68300,-0.81990224294526381,0.0992978,0
68400,-1.8256960568975771,0.919368,0
68500,-2.2774296890194896,2.25341,0
68600,-0.50516217058436252,0.112012,0
68700,-0.98615007744801986,0.0315178,0
68800,-1.0174679439142602,0.0523414,0
68900,-1.2750691967147589,0.244904,0
69000,-0.39874965255738337,0.227631,0
69100,-1.4292907860092225,0.391278,0
69200,-0.037061606441227378,0.689787,0
69300,-0.96514577398806278,0.0824795,0
69400,-0.69241741163081472,0.106525,0
69500,-1.2321949372941172,0.168966,0
69600,-1.7251846476701405,0.884452,0
69700,-2.6728390676748091,3.5501,0
69800,-1.239808650705011,0.210205,0
69900,-0.20762007704982591,0.54623,0
70000,-0.81033948091056485,0.139564,0
70100,-0.27160858679854999,0.912091,0
70200,-2.1262742305088462,1.42996,0
70300,-1.9992301201989795,1.43737,0
70400,-2.0282857829831862,1.51418,0
70500,-1.5712695444652267,0.600528,0
70600,-0.6603004409272708,0.025743,0
70700,-1.0915319009282785,0.0826448,0
70800,-1.1733999309695344,0.145241,0
70900,-0.41636898366440461,0.23856,0
71000,-0.20853271261422399,0.863421,0
71100,-3.0387446495060648,3.96084,0
71200,-0.28984549873828308,0.459765,0
71300,-2.1990566418703663,1.69031,0
71400,-1.3840986109615172,0.339844,0
71500,-1.7423086723547192,0.885497,0
71600,-2.5814117268072674,3.15851,0
71700,-1.6820343980647272,0.766597,0
71800,-0.99163709482679752,0.0335195,0
71900,-0.97220967884169274,0.0514443,0
72000,-2.5231047526897599,2.94001,0
72100,-1.1106632410186641,0.0987323,0
72200,-2.1158674269282693,1.69445,0
72300,-2.4582395780840707,2.69785,0
72400,-1.2224153742022046,0.17103,0
72500,-0.30409169983501494,0.388331,0
72600,-2.0399760813060883,1.33353,0
72700,-0.97872771644860523,0.0235825,0
72800,-0.8641809979662165,0.00220762,0
72900,-0.70567632758334919,0.0556496,0
73000,-2.4221293129010721,2.5503,0
73100,-1.1095926303671697,0.0832727,0
73200,-0.63521207616520325,0.0531203,0
73300,-0.047462357303066055,1.05035,0
73400,-0.84094249430529655,0.300856,0
73500,-0.43128245375406044,0.82052,0
73600,-2.2204974215106872,1.49494,0
73700,-2.049774398573986,1.45499,0
73800,-0.99659201378263351,0.0300883,0
73900,-1.207484768853976,0.155574,0
74000,-2.109241258674126,1.65175,0
74100,-0.73050942174829614,0.0230405,0
74200,-1.5966033976036573,0.584603,0
74300,-1.0606937865849495,0.0625352,0
74400,-1.9891565719548574,1.33468,0
74500,-1.5721222221460023,0.543551,0
74600,-2.3116425421843108,2.18367,0
74700,-1.1386654940291414,0.0941208,0
74800,-0.55212994513020752,0.13007,0
74900,-2.0235608295954579,1.37325,0
75000,-1.0206529568109635,0.0356138,0
75100,-0.39975298496568301,0.265475,0
75200,-0.50019481890702566,0.331976,0
75300,-0.52848610122742445,0.508451,0
75400,-0.78575272897815307,0.437903,0
75500,-1.3690796543864012,0.258874,0
75600,-0.2488064261711645,0.633338,0
75700,-0.70600108093469449,0.485509,0
75800,-0.4302647026472235,0.967417,0
75900,-0.31438676942718563,1.7378,0
76000,-2.6140909156666199,2.48103,0
76100,-0.17731694537793133,1.07715,0
76200,-0.99845738268628093,0.298237,0
76300,-0.66397381201317485,0.515378,0
76400,-0.67747423663908946,0.507379,0
76500,-0.24198366171146829,1.13657,0
76600,-0.96071016680963639,0.569084,0
76700,-1.1450601531571518,0.26758,0
76800,-1.6965692217861212,0.646559,0
76900,-0.41904821667132075,0.338016,0
77000,-2.2098924321906157,1.81593,0
77100,-0.48936816736943373,0.181077,0
77200,-0.3864879852831361,0.520904,0
77300,-0.67754967226083762,0.343329,0
77400,-0.91292509074234474,0.280602,0
77500,-1.395804423756654,0.222427,0
77600,-0.606258055845046,0.127709,0
77700,-1.9551466530241415,1.2344,0
77800,-0.75942378041920444,0.00765631,0
77900,-0.87370532764166697,0.00228358,0
78000,-0.85063914987033007,0.00938731,0
78100,-1.7711417385752497,0.897838,0
78200,-0.89528806936564431,0.0207179,0
78300,-2.1494687896080324,1.77917,0
78400,-0.19160504208740736,0.537121,0
78500,-0.80743125584666575,0.186497,0
78600,-0.97110588031517009,0.0945722,0
78700,-1.8843899106549569,1.04776,0
78800,-1.2821275151229323,0.217002,0
78900,-0.086886788305998677,0.715749,0
79000,-0.57806277315935373,0.411757,0
79100,-1.3423107444981104,0.209721,0
79200,-0.4755878684219158,0.305599,0
79300,-0.29972927111811482,1.00008,0
79400,-1.4198937949773764,0.2775,0
79500,-2.3409280813035691,2.27043,0
79600,-0.68608491265058791,0.0355248,0
79700,-1.4774243905204569,0.405993,0
79800,-1.5283117814059102,0.502493,0
79900,-0.18017887378417222,0.521788,0
80000,-1.1690976558189348,0.080383,0
80100,-0.64818088784601868,0.141266,0
80200,-2.8599669542516337,4.12966,0
80300,-0.72415938138140379,0.0223727,0
80400,-0.35924205117706437,0.437769,0
80500,-1.6568700218301178,0.583941,0
80600,-1.1417435884872034,0.0932025,0
80700,-1.4723179897974443,0.415291,0
80800,-0.39166813573529163,0.333303,0
80900,-1.5344787546837784,0.437073,0
81000,-3.1316007738860185,5.29631,0
81100,-0.48925124518936358,0.187668,0
81200,-1.3056538738273458,0.186419,0
81300,-0.22000580863196928,0.624361,0
81400,-2.6331032320258698,2.78125,0
81500,-0.62092511772813386,0.0788268,0
81600,-0.152507602188587,0.811274,0
81700,-1.8211842263661417,0.823257,0
81800,-0.49594375081498737,0.156425,0
81900,-0.12471985945632462,0.972426,0
82000,-1.4702489025654923,0.359356,0
82100,-0.91219579279569662,0.0867611,0
82200,-0.35846724465342455,0.524433,0
82300,-0.79079116979565389,0.259276,0
82400,-0.31109878871119612,0.823847,0
82500,-1.4511556960996679,0.335543,0
82600,-1.8179056083203917,0.797652,0
82700,-2.4661055624883064,2.61371,0
82800,-1.7007101439084868,0.736996,0
82900,-1.4437420836697989,0.365838,0
83000,-2.1258067692296558,1.63516,0
83100,-1.7491415211222474,0.816074,0
83200,-1.4311730023074947,0.35779,0
83300,-0.14955496297093385,0.702426,0
83400,-2.0093652711091083,1.13803,0
83500,-0.67495505749826545,0.0406339,0
83600,-1.1577592092412223,0.0884168,0
83700,-0.75616707597126509,0.0123806,0
83800,-0.56668244165025106,0.138311,0
83900,-0.66000751973103433,0.172923,0
84000,-0.23786922516508502,0.847743,0
84100,-2.1787437321526943,1.49829,0
84200,-1.0189432999209294,0.0201762,0
84300,-1.1717135843494157,0.102411,0
84400,-1.4022465469985261,0.306285,0
84500,-1.1462834434893987,0.0956873,0
84600,-0.28834893877760792,0.439062,0
84700,-2.3784956139891396,2.15997,0
84800,-1.2149324231067267,0.131253,0
84900,-0.9092551185021116,0.0074182,0
85000,-1.5439524809324083,0.479781,0
85100,-0.81490471163702471,0.00349437,0
85200,-0.96763416887399789,0.012979,0
85300,-1.2906043981615425,0.198345,0
85400,-0.19048830602159864,0.546512,0
85500,-0.030681024529165813,1.3042,0
85600,-0.52437727403633716,1.00009,0
85700,-1.1115835745862406,0.278668,0
85800,-0.34250528644622391,0.805578,0
85900,-0.85573404434251354,0.515379,0
86000,-0.30950288063051185,1.00319,0
86100,-0.49171090240562765,1.40602,0
86200,-0.55617077069733478,1.40081,0
86300,-1.9640833200216057,0.979333,0
86400,-0.48299779502044382,0.665638,0
86500,-2.1454680449432333,1.34067,0
86600,-1.7965030262224044,0.880033,0
86700,-1.0733966325758313,0.0749327,0
86800,-2.5869521190906735,3.04593,0
86900,-0.75098404632219973,0.0145437,0
87000,-0.94353734692558699,0.0132304,0
87100,-0.16964339569903569,0.693783,0
87200,-0.14097071421446694,1.39533,0
87300,-1.9460429784729092,0.821631,0
87400,-1.5201412079043917,0.381583,0
87500,-0.20816159691487851,0.571533,0
87600,-1.4553563726373582,0.292293,0
87700,-1.4085128705391172,0.305727,0
87800,-2.3539068204813525,2.28053,0
87900,-0.72745297780601537,0.0573124,0
88000,-2.2255191705424711,1.84096,0
88100,-2.3987206198949846,2.38177,0
88200,-2.5864683748803134,3.03355,0
88300,-0.37928016614816046,0.271071,0
88400,-0.24369278186289961,0.591914,0
88500,-0.71329453458171954,0.309682,0
88600,-0.50950775709444274,0.467992,0
88700,-1.4019741437499846,0.243368,0
88800,-1.4031930653880884,0.244438,0
88900,-1.7469468685370495,0.789287,0
89000,-2.5169531266684233,2.73248,0
89100,-2.1784808632882182,1.76311,0
89200,-0.36732944751557034,0.314655,0
89300,-0.23838266874406888,0.75661,0
89400,-1.5285307469476825,0.349533,0
89500,-0.16506392032302192,0.964059,0
89600,-1.9926424171935326,0.990587,0
89700,-0.94457854309871525,0.0563539,0
89800,-3.0803152177350017,4.89707,0
89900,-1.2576782917502642,0.159218,0
90000,-0.59224969194021637,0.0901079,0
90100,-0.792344488067108,0.0281936,0
90200,-0.25966624319075621,0.665108,0
90300,-3.8828634042667942,8.72352,0
90400,-0.67900281263521578,0.0570081,0
90500,-0.56339670511775441,0.275748,0
90600,-1.4931842558091191,0.307162,0
90700,-1.0173952514575004,0.0414984,0
90800,-2.3620920561075285,2.26131,0
90900,-0.79860587152144302,0.0177814,0
91000,-1.7420063020442895,0.744518,0
91100,-1.6026902772959557,0.542302,0
91200,-2.4402581767699001,2.45567,0
91300,-2.6004107650129953,3.01342,0
91400,-0.62946407825960993,0.0738178,0
91500,-1.1252843719570687,0.0539983,0
91600,-1.3476027767804357,0.225111,0
91700,-0.64442964816066595,0.081042,0
91800,-1.1188759284279355,0.0483635,0
91900,-0.49742123078484668,0.229734,0
92000,-1.438897674439422,0.30137,0
92100,-0.076641383511169725,0.87138,0
92200,-1.4924107658418095,0.289053,0
92300,-0.90368439061848238,0.00746812,0
92400,-0.63553062089191981,0.108451,0
92500,-0.052901381227437573,1.04358,0
92600,-1.8311939331945346,0.748818,0
92700,-1.5778791401749184,0.439473,0
92800,-1.6129651952523361,0.537252,0
92900,-1.8570785783376311,0.968379,0
93000,-0.31838298878880233,0.505332,0
93100,-2.060622475269076,1.19587,0
93200,-2.1525298720039983,1.63762,0
93300,-0.26615239939179697,0.566946,0
93400,-1.4277732582705684,0.251558,0
93500,-2.3357857366658075,2.11508,0
93600,-0.39417625432868603,0.370974,0
93700,-1.2981281857496187,0.126279,0
93800,-1.2830520673248658,0.158564,0
93900,-0.5998628920328205,0.104291,0
94000,-1.293159919266867,0.139358,0
94100,-1.4273105363376917,0.305491,0
94200,-2.7045159116167601,3.2875,0
94300,-2.4583238271770282,2.49152,0
94400,-0.34589459310798487,0.40326,0
94500,-1.2326824022058376,0.109875,0
94600,-2.382763403878168,2.22531,0
94700,-0.28537696313783456,0.578904,0
94800,-0.73924798651705925,0.265717,0
94900,-1.7971108683820964,0.779263,0
95000,-0.07082880228651918,0.936502,0
95100,-0.643107593389869,0.33663,0
95200,-1.0229200309768014,0.149584,0
95300,-0.71335010990679137,0.309124,0
95400,-1.846509109903111,0.740125,0
95500,-0.41049305322836255,0.373367,0
95600,-1.5361028559112546,0.343612,0
95700,-1.4171748478720116,0.282361,0
95800,-0.23400110359017709,0.599953,0
95900,-0.54033623446386025,0.527946,0
96000,-3.1658981281231386,4.59179,0
96100,-1.3661899700859428,0.216904,0
96200,-0.93434675989073934,0.00779858,0
96300,-0.15515851288383931,0.658155,0
96400,-1.5015606711446352,0.333852,0
96500,-0.98554472657467884,0.00896391,0
96600,-1.3370463552816678,0.234649,0
96700,-3.3123515781182427,5.80932,0
96800,-2.2366459665540832,1.78146,0
96900,-1.6432742274325431,0.558761,0
97000,-0.59416437915653331,0.116915,0
97100,-0.2307304637993603,0.739644,0
97200,-0.24497143983261183,1.06615,0
97300,-0.97384077180498974,0.320875,0
97400,-2.4932740858803273,2.18103,0
97500,-1.0887861497687532,0.0430211,0
97600,-0.093221010655757788,0.900613,0
97700,-0.8188830147838263,0.368942,0
97800,-0.11633480682336893,2.71585,0
97900,-1.3965921365307961,0.463426,0
98000,-1.2469342038134041,0.174645,0
98100,-1.3291848875951189,0.141074,0
98200,-0.38210217604143609,0.406371,0
98300,-0.1889737737281563,0.988132,0
98400,-0.4166649809944441,1.06886,0
98500,-0.39987637298608625,1.86253,0
98600,-0.40058035412746451,1.17098,0
98700,-2.1269123836751009,1.26003,0
98800,-0.29268861747672897,1.49296,0
98900,-0.25872955121254226,1.5148,0
99000,-0.13700549956036945,2.79947,0
99100,-0.72804721972078879,1.6214,0
99200,-0.39196369868203818,2.84027,0
99300,-1.6048108273458503,0.984908,0
99400,-0.26926031390517968,2.28157,0
99500,-0.73877450372418962,1.14182,0
99600,-0.72752854850321769,1.621,0
99700,-0.97085150353238003,1.54012,0
99800,-0.54075784669020399,1.81184,0
99900,-0.28328890882146096,2.04487,0
100000,-0.55427558842598323,2.80069,0
