Timestep,Average Reward,C Loss,M Loss
100,-0.15978198037120575,1.19232,0
200,-0.059822756346691312,1.16009,0
300,-0.035310492792217457,0.724121,0
400,-0.068699601788326195,0.654224,0
500,-0.081713745245688932,0.623457,0
600,-0.08966030324244248,0.284306,0
700,-0.099450514787704072,0.137182,0
800,-0.035146337719572408,0.0758854,0
900,-0.076485960489361085,0.043307,0
1000,-0.018642931624871829,0.0367106,0
1100,-0.01747345584130516,0.0265738,0
1200,-0.18095366787234254,0.0847609,0
1300,-0.079357054671456609,0.0108635,0
1400,-0.028850758896894087,0.00265932,0
1500,-0.078906190092723344,0.00438878,0
1600,-0.084964746381436029,0.00342116,0
1700,-0.084089302766129082,0.00360904,0
1800,-0.080682176596728453,0.00296729,0
1900,-0.18383830898382589,0.1008,0
2000,-0.062519228758834505,0.0098375,0
2100,-0.042541639098629416,0.00158447,0
2200,-0.12708411059801189,0.0105319,0
2300,-0.089611265969342713,0.001964,0
2400,-0.014890140183543232,0.00115429,0
2500,-0.14043624983853559,0.0120491,0
2600,-0.059748161752529783,0.00166287,0
2700,-0.079221079352784704,0.0025845,0
2800,-0.12565403979370529,0.0118363,0
2900,-0.049368142551768759,0.0304194,0
3000,-0.13591561587907963,0.00920586,0
3100,-0.056806070288835046,0.00684064,0
3200,-0.080117084378690515,0.00244354,0
3300,-0.1152781593222703,0.0125301,0
3400,-0.18206863075085519,0.0150931,0
3500,-0.18545064474528256,0.0123155,0
3600,-0.029112457463051414,0.0194411,0
3700,-0.130258138398436,0.0155908,0
3800,-0.069952407706228709,0.00474582,0
3900,-0.10981208979978323,0.00322221,0
4000,-0.077865402302262687,0.00609705,0
4100,-0.11809965497019494,0.0063287,0
4200,-0.063682293677762181,0.0038134,0
4300,-0.078422155458845635,0.00416905,0
4400,-0.062947902207308615,0.00191601,0
4500,-0.19635964778228374,0.0207682,0
4600,-0.22778113373948572,0.0212325,0
4700,-0.06339327881229094,0.00729371,0
4800,-0.15004450967986036,0.0107016,0
4900,-0.066343789679692775,0.00320083,0
5000,-0.23089450395006333,0.0187274,0
5100,-0.021951508413312285,0.00172332,0
5200,-0.043890031355253115,0.000599926,0
5300,-0.027049123724340846,0.000137083,0
5400,-0.11888453837770217,0.00885559,0
5500,-0.060547033924685169,0.0103732,0
5600,-0.11486427947916257,0.00481464,0
5700,-0.062298275043647003,0.00163408,0
5800,-0.099750810925678474,0.0080456,0
5900,-0.099398959214609506,0.0104292,0
6000,-0.10279571428616185,0.00404542,0
6100,-0.020813866730371552,0.00047805,0
6200,-0.05715131064938489,0.000954929,0
6300,-0.11612328209011133,0.00754675,0
6400,-0.038277608302745493,0.000439585,0
6500,-0.028519433365460489,0.000186816,0
6600,-0.0051585703397354857,0.000844283,0
6700,-0.12425656844245442,0.00668416,0
6800,-0.12249365320040814,0.00696861,0
6900,-0.075076964545881697,0.00181506,0
7000,-0.070233785922309083,0.00118501,0
7100,-0.05868196057204967,0.000815863,0
7200,-0.04309695467304147,0.000969949,0
7300,-0.096457737441501226,0.00218344,0
7400,-0.105961159630357,0.00409426,0
7500,-0.12426270362488177,0.00592738,0
7600,-0.010589492108028273,0.00336887,0
7700,-0.085548340185143137,0.00350702,0
7800,-0.13929074226399676,0.00760179,0
7900,-0.095201483886265703,0.00334088,0
8000,-0.06203027022785168,0.000978339,0
8100,-0.06526349028593191,0.00116034,0
8200,-0.15435170563649481,0.0111408,0
8300,-0.11315990299735144,0.00419801,0
8400,-0.046328609716064992,0.000264659,0
8500,-0.16500582584004075,0.00747855,0
8600,-0.13878739475746449,0.00604899,0
8700,-0.081421530184697485,0.00101526,0
8800,-0.095211042756456657,0.00219232,0
8900,-0.056921785044253638,0.000250058,0
9000,-0.11375517560714847,0.00278098,0
9100,-0.040528641231009042,0.000128145,0
9200,-0.10013862671955368,0.00191308,0
9300,-0.12146471631880401,0.00121395,0
9400,-0.045192468212939277,0.000258737,0
9500,-0.092387347234581071,0.00154431,0
9600,-0.016750717062584478,0.00227119,0
9700,-0.12364530539066132,0.00272099,0
9800,-0.18216143025079948,0.00714936,0
9900,-0.055197263021509506,0.00183506,0
10000,-0.15757396477679703,0.00721835,0
10100,-0.02597104828060651,0.00347428,0
10200,-0.13921082043968835,0.00481316,0
10300,-0.044079436575862781,0.000636975,0
10400,-0.16544425266339061,0.00814105,0
10500,-0.12912968393101495,0.00257551,0
10600,-0.056872517952888085,0.000905062,0
10700,-0.2191407103719028,0.0138818,0
10800,-0.027702532560099236,0.00663963,0
10900,-0.028892230400349894,0.00377066,0
11000,-0.14225534774432172,0.00531301,0
11100,-0.080116524267805148,0.000432913,0
11200,-0.090079131503083207,0.000927371,0
11300,-0.013849551676172949,0.0054041,0
11400,-0.02292580386808999,0.00901329,0
11500,-0.11013588549956659,0.00260053,0
11600,-0.18669553657233029,0.00879404,0
11700,-0.10587248429461507,0.00150295,0
11800,-0.12348878087538166,0.00360953,0
11900,-0.039309889483921105,0.00120021,0
12000,-0.11340006270891352,0.00189913,0
12100,-0.11115680457626677,0.00156093,0
12200,-0.11243796546927275,0.00163228,0
12300,-0.11252386353292219,0.00182786,0
12400,-0.10480686253581485,0.000930086,0
12500,-0.12324470728703045,0.00231816,0
12600,-0.14643936185945422,0.00484603,0
12700,-0.16648336823877505,0.00723571,0
12800,-0.090133851703743662,0.000457834,0
12900,-0.0047353972945364713,0.0138356,0
13000,-0.063833072203769034,0.00940242,0
13100,-0.030976445823474807,0.225763,0
13200,-0.093757294829766039,0.00965558,0
13300,-0.016876954767761767,0.0118763,0
13400,-0.10438687201154037,0.0201,0
13500,-0.10939324977397211,0.0107971,0
13600,-0.085224189346885679,0.00432699,0
13700,-0.013648158849611396,0.00499761,0
13800,-0.035026388268684261,0.00123357,0
13900,-0.060218546805947612,0.000485658,0
14000,-0.05357885139032411,0.0151587,0
14100,-0.13861278225747986,0.0224484,0
14200,-0.076918953568345383,0.00291783,0
14300,-0.034292863840161239,0.000350227,0
14400,-0.027924911323884319,0.000445462,0
14500,-0.05453149839262543,0.0173412,0
14600,-0.137548712239879,0.00696261,0
14700,-0.11396849655362067,0.00617525,0
14800,-0.12422673556109075,0.00641584,0
14900,-0.07051039600672615,0.0179634,0
15000,-0.14574029633931229,0.0477727,0
15100,-0.075022035439632095,0.00688836,0
15200,-0.044541605734192198,0.0115533,0
15300,-0.13904845082511952,0.00320861,0
15400,-0.12568201472432478,0.0173527,0
15500,-0.076909779353674074,0.0311995,0
15600,-0.10841235884431333,0.0288423,0
15700,-0.096699220616430479,0.00525113,0
15800,-0.091920396028774387,0.000959615,0
15900,-0.086938401381224537,0.00199781,0
16000,-0.077421122134546216,0.0130416,0
16100,-0.032461102535859945,0.0656321,0
16200,-0.16696473803899931,0.00620691,0
16300,-0.12278038873006977,0.0409152,0
16400,-0.005359611875271955,0.0766573,0
16500,-0.1176046384200278,0.0402378,0
16600,-0.03485898693835876,0.0240879,0
16700,-0.090909179667435308,0.0141826,0
16800,-0.17627853166158525,0.107297,0
16900,-0.022389331677386978,0.0617347,0
17000,-0.12893508529922432,0.00622377,0
17100,-0.19826650593783099,0.0492485,0
17200,-0.055877972265545361,0.040853,0
17300,-0.086184690429396513,0.0595505,0
17400,-0.027733195519131039,0.0029745,0
17500,-0.072158433569156688,0.000927434,0
17600,-0.070655163444500901,0.0513864,0
17700,-0.16526867281831026,0.00722083,0
17800,-0.11950045484356371,0.00215705,0
17900,-0.12164576165328635,0.00215462,0
18000,-0.10641365439146072,0.00097671,0
18100,-0.10132613919835787,0.000827948,0
18200,-0.12499899208098895,0.08518,0
18300,-0.028967965955917222,0.108053,0
18400,-0.12168442334928471,0.00786872,0
18500,-0.061634259712166087,0.0218538,0
18600,-0.077766425408226356,0.0999439,0
18700,-0.020207307619281117,0.148889,0
18800,-0.09577142840489769,0.00405726,0
18900,-0.11324295079775874,0.00182251,0
19000,-0.1435205728374768,0.0173974,0
19100,-0.072779170575507507,0.00379691,0
19200,-0.093356595185474678,0.00509388,0
19300,-0.040188380740150027,0.0874865,0
19400,-0.11896345474616686,0.111656,0
19500,-0.017649227005511265,0.00859476,0
19600,-0.010302129715945865,0.129369,0
19700,-0.054045098075725238,0.291565,0
19800,-0.03047585604679982,0.159987,0
19900,-0.11904391073098346,0.200395,0
20000,-0.0302363832960128,0.171894,0
20100,-0.10885053133442697,0.0185072,0
20200,-0.1779874959512027,0.352891,0
20300,-0.065427805156341487,0.0143482,0
20400,-0.029696659524870696,0.528838,0
20500,-0.14471624643436043,0.0121985,0
20600,-0.097068003115022866,0.0389178,0
20700,-0.084815713848872196,0.01261,0
20800,-0.14175653488636702,0.320787,0
20900,-0.080903451644714408,0.112527,0
21000,-0.12280779866362329,0.41665,0
21100,-0.15257672255584048,0.895025,0
21200,-0.07653080717144442,0.120807,0
21300,-0.020847922989928564,0.772943,0
21400,-0.26778320126668514,0.136667,0
21500,-0.075550314979457023,0.0932809,0
21600,-0.039395784515370146,0.0658503,0
21700,-0.080419731007815298,0.0461845,0
21800,-0.12266716753071975,0.00232412,0
21900,-0.15456306281404456,1.11933,0
22000,-0.063969504731875529,0.0508892,0
22100,-0.012864473158157702,0.163869,0
22200,-0.080947463359762981,0.244465,0
22300,-0.12864765303944639,0.742762,0
22400,-0.0088559481366357311,0.266075,0
22500,-0.10104513350855678,0.14091,0
22600,-0.14876775491346439,0.0147677,0
22700,-0.10449359292208767,0.837188,0
22800,-0.017799986079539955,0.873158,0
22900,-0.12761093434316603,0.774893,0
23000,-0.034133625037854907,0.0250634,0
23100,-0.022242133571230803,0.0276964,0
23200,-0.031534460242242407,0.0557222,0
23300,-0.024114721929721104,0.0394074,0
23400,-0.057239992113534727,0.315985,0
23500,-0.11804761706959724,0.36881,0
23600,-0.079553096922221858,0.044858,0
23700,-0.065287758111459093,0.0288566,0
23800,-0.06532079668091284,0.201223,0
23900,-0.092970066225581932,0.158817,0
24000,-0.037976153374855819,0.0287959,0
24100,-0.04907147530334658,0.0532387,0
24200,-0.08241835235945659,0.00458986,0
24300,-0.072929644440315813,0.0108019,0
24400,-0.066940982124603046,0.0151541,0
24500,-0.1549203139308169,0.00513706,0
24600,-0.19731168859085796,0.498744,0
24700,-0.023566275166378246,0.110494,0
24800,-0.040594848226908647,0.326562,0
24900,-0.1656930144259976,0.555535,0
25000,-0.050612618294540862,0.338156,0
25100,-0.1140396941994057,0.186416,0
25200,-0.054560073517897087,0.168966,0
25300,-0.11645305106448671,0.00231645,0
25400,-0.09665586467330424,0.146295,0
25500,-0.11862757833786867,0.0911883,0
25600,-0.091190111447723765,0.00549259,0
25700,-0.067929277760137408,0.15689,0
25800,-0.14856977383962527,0.116275,0
25900,-0.1283263800646654,0.214941,0
26000,-0.02744625750840712,0.108998,0
26100,-0.088886717954908046,0.162318,0
26200,-0.051728340248623654,0.361991,0
26300,-0.16688881349735876,0.10255,0
26400,-0.076241752168721963,0.0974365,0
26500,-0.088935863190175921,0.197146,0
26600,-0.041984814453801228,0.215885,0
26700,-0.08288707173482425,0.0861105,0
26800,-0.098040368266668329,0.0860782,0
26900,-0.17565779825543068,0.00892919,0
27000,-0.1004106204748161,0.00329808,0
27100,-0.12570566996252261,0.00118305,0
27200,-0.15161974458435615,0.00329115,0
27300,-0.11247461797478885,0.206494,0
27400,-0.034476701807335614,0.0932817,0
27500,-0.0072714946334789567,0.0643631,0
27600,-0.012010448020298993,0.195332,0
27700,-0.081877660800966132,0.00603085,0
27800,-0.048295381844600353,0.209706,0
27900,-0.11173472821410031,0.31475,0
28000,-0.11042157678861488,0.0164935,0
28100,-0.093237991224869074,0.132956,0
28200,-0.032393200488099162,0.18961,0
28300,-0.076645784782429949,0.0393388,0
28400,-0.099655024997143613,0.00339121,0
28500,-0.20344440451922211,0.359596,0
28600,-0.051834845584667708,0.00749909,0
28700,-0.028214212707076435,0.133429,0
28800,-0.062488296301999695,0.177783,0
28900,-0.18471653071677274,0.517128,0
29000,-0.052912294208330692,0.0450097,0
29100,-0.076621846932935125,0.0651787,0
29200,-0.12449615121939975,0.000987472,0
29300,-0.083583856795458614,0.0129026,0
29400,-0.094786298553576426,0.0290617,0
29500,-0.16061958659665035,0.011927,0
29600,-0.064087957815487956,0.598282,0
29700,-0.0050850066691126745,0.462009,0
29800,-0.11963323026814693,0.0280205,0
29900,-0.14377377405800373,0.466078,0
30000,-0.027233895028696047,0.0113509,0
30100,-0.081601046311789674,0.305636,0
30200,-0.17148948092390642,0.0268873,0
30300,-0.084448413893548527,0.05473,0
30400,-0.15158646215086644,0.00310626,0
30500,-0.26037521302493749,0.0456776,0
30600,-0.086375547208720302,0.0621146,0
30700,-0.043228974750347288,0.140304,0
30800,-0.046310670954773051,0.0355638,0
30900,-0.052388608880977079,0.112955,0
31000,-0.038758084435123075,0.00750354,0
31100,-0.034967629779061336,0.534583,0
31200,-0.20948601654701726,0.373031,0
31300,-0.056251005831430653,0.00985088,0
31400,-0.050224928099875388,0.493826,0
31500,-0.22187751681819218,0.101917,0
31600,-0.078327066158379366,0.106766,0
31700,-0.11490625306051555,0.219305,0
31800,-0.084696523257641279,0.458889,0
31900,-0.021806338340270365,0.0130849,0
32000,-0.057443193701285783,0.747978,0
32100,-0.13483677517096385,0.0462936,0
32200,-0.098331446902281211,0.0442805,0
32300,-0.095694496047786237,0.302114,0
32400,-0.010658437351842198,0.770412,0
32500,-0.16400602085953048,0.278139,0
32600,-0.075874708913050065,0.130523,0
32700,-0.0091617267087252367,0.100129,0
32800,-0.082511399884324418,0.363314,0
32900,-0.20354338619296095,0.552419,0
33000,-0.098582175341715525,0.356091,0
33100,-0.2117198666498038,0.00806093,0
33200,-0.15785086857182931,0.200714,0
33300,-0.070033835890967427,0.336091,0
33400,-0.21466023310224391,0.0166725,0
33500,-0.10728455232079931,0.70197,0
33600,-0.037855762223082998,0.80997,0
33700,-0.13907184064601386,0.010651,0
33800,-0.081118661663217378,0.0648298,0
33900,-0.063742507413626026,0.369914,0
34000,-0.14540884467789716,0.00347737,0
34100,-0.14674705226502943,0.72091,0
34200,-0.034024578692572305,0.696813,0
34300,-0.14534466743155897,0.00221391,0
34400,-0.13620518150238051,0.508087,0
34500,-0.051566918629291844,0.220347,0
34600,-0.10887493702972469,0.158132,0
34700,-0.088571761442739344,0.0084196,0
34800,-0.047213614948695942,0.429538,0
34900,-0.10630060043204165,1.01347,0
35000,-0.019876918577570776,0.00146308,0
35100,-0.035051320965033536,0.399713,0
35200,-0.083179344190778867,0.0537668,0
35300,-0.07410451211736041,0.307839,0
35400,-0.12620383811355132,0.0460346,0
35500,-0.083964110750339924,0.381109,0
35600,-0.0012891609679068121,0.0581593,0
35700,-0.066540833252855466,0.279053,0
35800,-0.11120063657912892,0.185937,0
35900,-0.048314368523779863,0.208487,0
36000,-0.16759131706809366,0.247093,0
36100,-0.048514250110566391,0.23909,0
36200,-0.11512157138311423,0.0185046,0
36300,-0.14590043845550124,1.04073,0
36400,-0.022883590810625055,0.127481,0
36500,-0.076209178504465319,0.378231,0
36600,-0.0348076005057808,0.275142,0
36700,-0.022792717797274386,0.223715,0
36800,-0.095693060407330693,0.0440539,0
36900,-0.076336024904310407,0.191844,0
37000,-0.16173120943828312,0.00291221,0
37100,-0.15129646448214407,0.00132514,0
37200,-0.13325980636116433,0.3685,0
37300,-0.058779237544723424,0.486214,0
37400,-0.18523865175703308,0.996389,0
37500,-0.016628614974126221,0.986034,0
37600,-0.11208532882393675,0.285538,0
37700,-0.059969625257867476,0.0544368,0
37800,-0.090192549858911231,0.0773129,0
37900,-0.05807924750732487,0.0687704,0
38000,-0.065703763426155554,0.0350194,0
38100,-0.053986251691376087,0.245296,0
38200,-0.015720695194165805,1.30615,0
38300,-0.16601529169685134,0.0115427,0
38400,-0.15482528700848472,0.231413,0
38500,-0.083332571679722051,0.263054,0
38600,-0.18879370802661521,0.103994,0
38700,-0.096540181485143303,0.0267219,0
38800,-0.10663166527700957,0.00338832,0
38900,-0.11851763126314506,0.0249783,0
39000,-0.089955217238343779,0.307266,0
39100,-0.053134878122962456,0.000466199,0
39200,-0.041442991313524129,0.0055012,0
39300,-0.024551692642272568,0.0174867,0
39400,-0.026150675344407386,0.450525,0
39500,-0.096789826792307118,0.109928,0
39600,-0.15446935729999456,0.00166641,0
39700,-0.15904200901430202,0.00108045,0
39800,-0.15337535747105774,0.652826,0
39900,-0.043313050025184791,0.0289057,0
40000,-0.034585621398881577,0.00987076,0
40100,-0.051422540861316729,0.851864,0
40200,-0.14646188050080558,0.00674164,0
40300,-0.13431959341714661,0.474786,0
40400,-0.05089764107727901,0.109284,0
40500,-0.034023400001898019,1.16553,0
40600,-0.15275537344788934,0.482556,0
40700,-0.059361810852289851,0.00058207,0
40800,-0.066205822302579501,0.47967,0
40900,-0.1879046439398816,0.00596573,0
41000,-0.12279846635175991,0.688808,0
41100,-0.055514777614242942,0.00049768,0
41200,-0.059813767606327471,0.584649,0
41300,-0.20458462387067475,0.0261842,0
41400,-0.12543657605956121,0.0368312,0
41500,-0.18837948567494336,0.0250693,0
41600,-0.12449244316133867,0.0334393,0
41700,-0.17688884907611713,0.0530911,0
41800,-0.10631509762221786,0.215405,0
41900,-0.029426333989830935,0.031129,0
42000,-0.083880740819446617,0.379622,0
42100,-0.12146969048349809,0.0061397,0
42200,-0.087403465353314169,0.027937,0
42300,-0.076101024437979434,0.000498048,0
42400,-0.083778054560856158,0.155798,0
42500,-0.01055286697819631,0.00182667,0
42600,-0.031714265405146755,0.000504516,0
42700,-0.036933814331219825,0.811703,0
42800,-0.12366075293576559,0.00304485,0
42900,-0.13157866277167662,0.716132,0
43000,-0.049145964015263381,0.0534263,0
43100,-0.036094618557411501,0.0816733,0
43200,-0.051092180744791438,0.354749,0
43300,-0.12873428848830959,0.000519086,0
43400,-0.10988994766166979,0.864255,0
43500,-0.0072189818432609239,0.654007,0
43600,-0.094917945378598198,0.113866,0
43700,-0.14408439345940349,0.312657,0
43800,-0.10931740254643486,0.39379,0
43900,-0.028177502033355159,0.022069,0
44000,-0.059795870386789379,0.00543702,0
44100,-0.035215328378586853,0.0685685,0
44200,-0.068609059905790068,0.132295,0
44300,-0.031142896620622557,0.984884,0
44400,-0.13644772536722025,0.0121709,0
44500,-0.10886811692937018,0.723079,0
44600,-0.047491385529324227,0.807825,0
44700,-0.13974946511949457,1.07113,0
44800,-0.041768593669503397,0.000755329,0
44900,-0.030607612637556715,0.0660467,0
45000,-0.090544737266797751,0.0151219,0
45100,-0.096815449333547202,0.0801902,0
45200,-0.056846893990234501,0.157237,0
45300,-0.0075017212545966296,1.65195,0
45400,-0.1410588696856635,0.101443,0
45500,-0.094261552913735211,0.469845,0
45600,-0.017544664953197456,0.0721362,0
45700,-0.044083629704149446,0.124738,0
45800,-0.093419267999093558,0.056266,0
45900,-0.088984697421963646,0.0252834,0
46000,-0.063868698776027466,0.00367953,0
46100,-0.054699831786638953,0.031593,0
46200,-0.045425138535982047,0.441991,0
46300,-0.096204948949155517,0.108653,0
46400,-0.13014915301356747,1.55986,0
46500,-0.024764280098155001,1.01022,0
46600,-0.098213689467839108,0.0338751,0
46700,-0.07448859351335177,0.329052,0
46800,-0.035527576596548559,0.104356,0
46900,-0.083431429291447673,0.000691294,0
47000,-0.059992413930877848,0.483657,0
47100,-0.17640797550415907,0.896456,0
47200,-0.047865525579710549,0.0256379,0
47300,-0.036984222976957103,0.0194064,0
47400,-0.011462080624808347,0.400215,0
47500,-0.10439484429365971,0.687789,0
47600,-0.012657397565374312,1.14722,0
47700,-0.11427093154459295,0.0258431,0
47800,-0.19241965111345266,0.00996624,0
47900,-0.1669196318634604,1.68305,0
48000,-0.016454993752039768,0.117379,0
48100,-0.06519414614446252,0.00023632,0
48200,-0.070815100592314661,0.38924,0
48300,-0.16137450860654134,1.35956,0
48400,-0.012501488127913398,1.7456,0
48500,-0.19754521095819977,0.00450785,0
48600,-0.11857406552247228,0.0159728,0
48700,-0.20471577191915949,0.00411689,0
48800,-0.19478630280590742,1.38909,0
48900,-0.02148185955158249,0.415227,0
49000,-0.095609919224414419,0.216697,0
49100,-0.04301148990768696,0.0102854,0
49200,-0.055823875621282631,0.72854,0
49300,-0.18737913648781759,1.66746,0
49400,-0.015849217870694762,1.30917,0
49500,-0.12723156869474939,1.17438,0
49600,-0.024662962133035725,1.62519,0
49700,-0.17479777906587862,1.2857,0
49800,-0.035335128357514491,1.08768,0
49900,-0.13555854148630242,0.0509953,0
50000,-0.07838043780835123,0.00360721,0
50100,-0.06602976016955657,0.0380773,0
50200,-0.078340116583809058,0.0438949,0
50300,-0.019593545085729188,0.449548,0
50400,-0.10795525824218148,0.142881,0
50500,-0.19099143434010885,1.46097,0
50600,-0.027598226809053349,1.43335,0
50700,-0.17467884944226841,0.920465,0
50800,-0.072606087003624642,0.447676,0
50900,-0.098609233307363459,0.0242279,0
51000,-0.12579214191966259,0.175018,0
51100,-0.086270502691703305,0.314544,0
51200,-0.12031012603979475,1.05494,0
51300,-0.014761293308283461,0.00175331,0
51400,-0.0083010969111154201,0.568261,0
51500,-0.11060823896266908,0.0702758,0
51600,-0.07163447635760764,0.300125,0
51700,-0.11268558433966909,0.122424,0
51800,-0.065910585232581476,0.623976,0
51900,-0.19598210619256679,1.7101,0
52000,-0.032010456158661472,0.0163415,0
52100,-0.023455090141326365,0.177792,0
52200,-0.12263532240398803,0.140137,0
52300,-0.14230791037204754,1.39443,0
52400,-0.010235831128818913,1.55829,0
52500,-0.15518232062009685,0.84603,0
52600,-0.048207989141689403,0.683341,0
52700,-0.10881728927804903,0.0427604,0
52800,-0.12901693517810386,0.0199522,0
52900,-0.1561131615007674,1.79315,0
53000,-0.018929027057644276,1.61531,0
53100,-0.14690224178180972,1.40714,0
53200,-0.057093253005176446,0.563077,0
53300,-0.11156015253672842,0.00289978,0
53400,-0.07421584357264463,0.00689235,0
53500,-0.089362896270934952,0.364994,0
53600,-0.02217720378664113,1.36939,0
53700,-0.17577924536026346,0.762783,0
53800,-0.050172403062044388,0.946399,0
53900,-0.20177588902088567,0.131674,0
54000,-0.10024417516438065,0.538733,0
54100,-0.07031312424975969,0.361241,0
54200,-0.14290569417699797,0.00517647,0
54300,-0.15252317427953374,0.789556,0
54400,-0.024229990356431617,0.0162963,0
54500,-0.005720317568824209,0.533108,0
54600,-0.076412240196710612,0.267927,0
54700,-0.033056578574234025,0.0475664,0
54800,-0.028780837141039194,1.49667,0
54900,-0.14114883946311937,0.531043,0
55000,-0.080232822129825271,0.443581,0
55100,-0.1740880996354624,0.923281,0
55200,-0.059856762460943298,0.126879,0
55300,-0.089981942233878703,0.0768062,0
55400,-0.041302154179551701,0.0306893,0
55500,-0.029909018069082877,0.00469495,0
55600,-0.0055139875190179412,0.0899699,0
55700,-0.060328309179132636,0.485934,0
55800,-0.12771256071036516,1.34915,0
55900,-0.0074109217543469556,0.0041084,0
56000,-0.0014667039447103986,1.65975,0
56100,-0.12010442065860488,0.55732,0
56200,-0.090858757141246457,0.475718,0
56300,-0.015804973837026799,0.75551,0
56400,-0.1165405104974233,0.00150637,0
56500,-0.086048138772675808,0.0328319,0
56600,-0.11995546425800444,0.00145404,0
56700,-0.10344065910289629,0.264344,0
56800,-0.16411215137315291,0.000558911,0
56900,-0.18987122425670488,0.662728,0
57000,-0.05555281246911447,0.0647844,0
57100,-0.029264751373225525,0.0866163,0
57200,-0.035627982533759137,0.00423654,0
57300,-0.038457832455833854,0.0576026,0
57400,-0.042155971460010877,0.0535929,0
57500,-0.013942383508820926,0.948615,0
57600,-0.11838692142172795,0.0064009,0
57700,-0.096752356769253506,0.220541,0
57800,-0.092545061024336128,0.0587199,0
57900,-0.04740600778946516,0.56164,0
58000,-0.12557174661464876,0.00219656,0
58100,-0.14973579481269278,0.298334,0
58200,-0.060615679654966365,0.0174279,0
58300,-0.048513038044717877,0.0833138,0
58400,-0.073715684346137372,0.135664,0
58500,-0.091305103393938047,0.0252751,0
58600,-0.090657837311932443,0.0157055,0
58700,-0.096758281641081093,0.0104561,0
58800,-0.105992358452378,0.340712,0
58900,-0.0065789860915073895,0.16764,0
59000,-0.042947517569324106,0.819496,0
59100,-0.15765569768123833,0.0045533,0
59200,-0.13681294868640623,0.31386,0
59300,-0.080617245531253087,0.0851914,0
59400,-0.093019928763298856,0.00153259,0
59500,-0.078373508441760539,0.0843199,0
59600,-0.032681053373209833,1.15471,0
59700,-0.13057712215239711,0.00650365,0
59800,-0.14100276615528679,0.00247146,0
59900,-0.19311586481090526,2.1647,0
60000,-0.009340982641457711,0.101539,0
60100,-0.085807168146720333,0.622661,0
60200,-0.18899544831649936,0.0359802,0
60300,-0.15013764162329368,0.948059,0
60400,-0.0085465300308309577,0.202173,0
60500,-0.078086666578083733,0.0156698,0
60600,-0.10798737077518945,0.909728,0
60700,-0.016413974816392951,1.77771,0
60800,-0.11188408253828865,0.628518,0
60900,-0.030938303668812249,0.949505,0
61000,-0.10755227209444523,0.292756,0
61100,-0.03978164519623302,0.0310587,0
61200,-0.13046287447397342,0.105805,0
61300,-0.19149516609086098,1.24903,0
61400,-0.018033522047919519,0.174127,0
61500,-0.077976394746361352,0.172446,0
61600,-0.092741493659001029,0.264997,0
61700,-0.18444281251906919,0.584087,0
61800,-0.057691912287978028,0.0134353,0
61900,-0.083493903567855923,0.131881,0
62000,-0.04413558006855358,0.541194,0
62100,-0.11722481531414725,0.109602,0
62200,-0.17196973473220434,0.344056,0
62300,-0.10230650013954264,0.0288658,0
62400,-0.12079069905057181,0.056692,0
62500,-0.10823574222957526,0.88499,0
62600,-0.038695748657558947,1.20812,0
62700,-0.11138556089472545,0.421054,0
62800,-0.03016257495475827,0.36784,0
62900,-0.1286020217214946,0.000685183,0
63000,-0.1238520053952632,1.24794,0
63100,-0.026397222892165496,0.00639768,0
63200,-0.011715397736504977,0.203154,0
63300,-0.047309896857758632,0.18942,0
63400,-0.018693319197830051,0.361007,0
63500,-0.061305746387738259,0.437062,0
63600,-0.13292677219349641,0.510143,0
63700,-0.1101331402564774,0.209292,0
63800,-0.05312310458945943,0.924648,0
63900,-0.15428569447994189,0.555912,0
64000,-0.040584111625625016,0.0315691,0
64100,-0.020869802238163752,0.745803,0
64200,-0.13707340359904358,0.361907,0
64300,-0.083010071647887304,0.418228,0
64400,-0.13024039608655183,0.00797873,0
64500,-0.12668380234492119,0.151024,0
64600,-0.1254898521444,0.0631235,0
64700,-0.12398859495433481,0.00953147,0
64800,-0.1317431229597073,1.23931,0
64900,-0.017762904478680886,1.63193,0
65000,-0.17513360626064717,0.471085,0
65100,-0.079088561245701197,0.000899688,0
65200,-0.11549874332704288,0.0525501,0
65300,-0.080613160116758883,0.366193,0
65400,-0.1222972643317303,0.993022,0
65500,-0.065916590127583496,0.273753,0
65600,-0.073654663082799138,0.278067,0
65700,-0.16637320852144502,0.667559,0
65800,-0.053809897222236239,0.669378,0
65900,-0.1449935643578257,1.46029,0
66000,-0.016035267811170699,0.0039572,0
66100,-0.018684834526573518,0.0666166,0
66200,-0.049154512488293597,0.431466,0
66300,-0.13055061296827986,0.612345,0
66400,-0.083645408455732539,0.00357948,0
66500,-0.081064788506205326,0.00228867,0
66600,-0.073985825628334376,0.045437,0
66700,-0.060882878294572035,0.00207767,0
66800,-0.089114804882146792,0.0684177,0
66900,-0.12485009200627419,0.0848566,0
67000,-0.18248432857318442,1.7056,0
67100,-0.029485075314821238,1.26021,0
67200,-0.1443099696766213,0.000808325,0
67300,-0.14088739763784283,0.000428192,0
67400,-0.1327540006294923,0.14842,0
67500,-0.085628579648381414,0.376759,0
67600,-0.060976104823883673,0.00766755,0
67700,-0.018643546659409097,1.05021,0
67800,-0.13804837587059191,0.000398114,0
67900,-0.14510542000116503,0.00527568,0
68000,-0.12719754698912086,0.552633,0
68100,-0.057050433835891659,0.902277,0
68200,-0.19196870113455475,0.0346667,0
68300,-0.10897618526846101,0.82909,0
68400,-0.036743752791379362,0.0657232,0
68500,-0.029249076055070374,0.0286326,0
68600,-0.098213608191145343,0.273996,0
68700,-0.13864751668818198,0.112475,0
68800,-0.10129077486553401,0.0107557,0
68900,-0.080763949811736568,0.237697,0
69000,-0.034709748693490819,0.00611826,0
69100,-0.025845086886280674,0.930691,0
69200,-0.14069663052555262,0.0548778,0
69300,-0.10446757813806419,0.966669,0
69400,-0.0032691628736746122,0.172691,0
69500,-0.057285385312416851,0.150066,0
69600,-0.0081807030323130039,0.146127,0
69700,-0.064008992842730539,0.0501684,0
69800,-0.058654339637177116,0.437653,0
69900,-0.14142503572743642,1.07697,0
70000,-0.023700232622042811,1.43148,0
70100,-0.20264849137847857,0.755129,0
70200,-0.046530561548418045,0.0792336,0
70300,-0.026638698152355648,1.8228,0
70400,-0.24793921613785178,0.00911331,0
70500,-0.15876052454410261,0.544922,0
70600,-0.065053946099050311,0.923177,0
70700,-0.20153969538916916,0.466297,0
70800,-0.1008190334225524,0.223708,0
70900,-0.13460419991305045,0.25947,0
71000,-0.069036038395039009,0.162036,0
71100,-0.068503353660524013,0.390872,0
71200,-0.096856171873277427,0.204204,0
71300,-0.1309532947407176,0.619474,0
71400,-0.050176333224643058,0.0801171,0
71500,-0.080687075408702499,0.377594,0
71600,-0.0314438686650109,0.357844,0
71700,-0.061802904585787591,0.642573,0
71800,-0.17872770286691506,1.30299,0
71900,-0.098484752265632788,0.157383,0
72000,-0.040531637020277796,0.728738,0
72100,-0.11739441317315186,0.242213,0
72200,-0.075565282379793097,0.534506,0
72300,-0.1772573781245961,0.00554829,0
72400,-0.13193337999178162,0.256505,0
72500,-0.105488950799355,0.168869,0
72600,-0.02134064764757964,0.340461,0
72700,-0.091544978305351604,0.16112,0
72800,-0.12265540043373738,0.00537489,0
72900,-0.18055257119267087,0.926941,0
73000,-0.067161261906896724,0.862348,0
73100,-0.23643737136651077,0.00526098,0
73200,-0.20366278622578243,0.024284,0
73300,-0.10544492903124919,0.229627,0
73400,-0.048795995271707644,0.0516044,0
73500,-0.052582492710510173,0.0763065,0
73600,-0.043103801624860799,0.017629,0
73700,-0.064401195947763737,0.00079933,0
73800,-0.07689282249720969,0.36518,0
73900,-0.15639423325017382,0.137515,0
74000,-0.13848421113998577,0.00933823,0
74100,-0.11296193643993323,0.0565147,0
74200,-0.098884179528801699,0.0979795,0
74300,-0.038053669952398249,0.0352585,0
74400,-0.0077090117893928193,2.38895,0
74500,-0.17653763926163396,1.40772,0
74600,-0.056194310535794774,0.480415,0
74700,-0.13693365032633481,0.00794267,0
74800,-0.10610488137081728,0.111477,0
74900,-0.097936608498372865,0.00164613,0
75000,-0.10839345315981003,0.0579516,0
75100,-0.10985304647489949,0.257496,0
75200,-0.03079601825094945,0.622757,0
75300,-0.12398408270185796,0.0212635,0
75400,-0.10361172871468707,0.00132562,0
75500,-0.12992956450557161,0.00276715,0
75600,-0.1003706812438498,0.102311,0
75700,-0.17837354298930891,0.990444,0
75800,-0.082649284431651357,0.414504,0
75900,-0.16731688102448236,1.68514,0
76000,-0.025094158868101256,1.53025,0
76100,-0.11163010378531904,0.00470961,0
76200,-0.10308890076199242,0.277113,0
76300,-0.078776175801194254,0.578586,0
76400,-0.012389838698178789,0.155023,0
76500,-0.020676085304427837,0.00613217,0
76600,-0.035500643560372358,1.25532,0
76700,-0.14161134762129926,1.15967,0
76800,-0.022009625393802044,0.0204665,0
76900,-0.06059393690261379,0.0444029,0
77000,-0.052978421309366849,0.0247421,0
77100,-0.06953171382236191,0.000853424,0
77200,-0.044254610048539089,0.0119896,0
77300,-0.054317154499140027,0.0497279,0
77400,-0.023549612770490641,0.000162482,0
77500,-0.027314065152151859,0.420733,0
77600,-0.10135777000612459,0.0336333,0
77700,-0.059615681895036993,0.0646096,0
77800,-0.10218409455651113,0.00391497,0
77900,-0.13547654801980216,0.0579025,0
78000,-0.19015637632730087,2.10911,0
78100,-0.024758687242414791,0.0131135,0
78200,-0.039655348076329817,0.514324,0
78300,-0.070368381515786033,0.347741,0
78400,-0.017101574077529803,1.91697,0
78500,-0.19092253980454393,0.419957,0
78600,-0.096089791708936542,0.0487612,0
78700,-0.13721586734274988,0.166361,0
78800,-0.05830988562282801,0.635511,0
78900,-0.13950225041160857,0.857362,0
79000,-0.070849403364242031,0.0774977,0
79100,-0.065597097638532484,0.0755197,0
79200,-0.021721494080834729,0.531339,0
79300,-0.062092524491035223,0.360945,0
79400,-0.13721702577271969,0.44777,0
79500,-0.062164038910880084,0.000279588,0
79600,-0.072708877546674489,0.0846679,0
79700,-0.055851589463484286,0.0681231,0
79800,-0.0039146995974973604,0.0258956,0
79900,-0.075905394517802496,0.0281596,0
80000,-0.068494663476051321,0.912121,0
80100,-0.20424558349320088,1.16301,0
80200,-0.051219989961773661,0.0726245,0
80300,-0.058007510848606572,0.65237,0
80400,-0.16076137773527396,1.50305,0
80500,-0.065289737251472607,0.207324,0
80600,-0.08933752913613717,0.583525,0
80700,-0.18058534865244638,0.45027,0
80800,-0.10042778673273986,0.0834666,0
80900,-0.11526254391860848,0.766857,0
81000,-0.061215968010129365,0.00778574,0
81100,-0.04537682542925417,1.3773,0
81200,-0.18850211914751502,1.0833,0
81300,-0.017606196167918572,0.103009,0
81400,-0.095027469912116747,0.283732,0
81500,-0.039645091428574405,1.23709,0
81600,-0.13698930416611466,0.0453018,0
81700,-0.1861370121831504,0.563651,0
81800,-0.060306971587370653,0.106698,0
81900,-0.088804743505227338,0.0314069,0
82000,-0.13566111143122223,0.731345,0
82100,-0.064165300406144349,0.167187,0
82200,-0.10034583140011648,0.253298,0
82300,-0.093989254997298002,0.03537,0
82400,-0.069867739148381347,0.00123418,0
82500,-0.041532592234410491,0.00917961,0
82600,-0.025257142917388956,0.00429178,0
82700,-0.025605051485974764,0.0396084,0
82800,-0.043045292290609577,0.00256277,0
82900,-0.069322882934240451,0.203594,0
83000,-0.092182490492912356,0.0850288,0
83100,-0.057173051957570997,0.225845,0
83200,-0.091665893819094985,0.676865,0
83300,-0.0088555349299530503,1.44776,0
83400,-0.16197380843020884,0.600739,0
83500,-0.077586631602482359,0.120381,0
83600,-0.05773093533758325,0.0751998,0
83700,-0.0355998519820067,0.335215,0
83800,-0.085486043704186873,0.457652,0
83900,-0.15566134484382319,1.09954,0
84000,-0.02716049711649737,0.0699393,0
84100,-0.0090260104416827209,0.045659,0
84200,-0.047180054023012605,1.47716,0
84300,-0.17355897983206806,0.510108,0
84400,-0.080546688402415148,0.413202,0
84500,-0.18083419387836566,0.212889,0
84600,-0.10381633463165815,0.466398,0
84700,-0.043205138542438591,0.642284,0
84800,-0.12841865962768031,0.369698,0
84900,-0.068492275435492675,0.279066,0
85000,-0.0060327547295677738,0.0182935,0
85100,-0.047587853317091061,0.892865,0
85200,-0.11932812272963435,0.0313413,0
85300,-0.12138226693824715,0.388,0
85400,-0.019339512121095762,0.151571,0
85500,-0.060341076985701243,0.514986,0
85600,-0.18364486238784949,0.331869,0
85700,-0.077776970212319219,0.617269,0
85800,-0.13976567422223693,0.837834,0
85900,-0.078306368432924295,0.327914,0
86000,-0.095885557395123278,0.628712,0
86100,-0.022495293351389195,0.127049,0
86200,-0.074510729711719972,0.0269788,0
86300,-0.12065767600418634,0.63509,0
86400,-0.0065415241655771882,0.00291089,0
86500,-0.013994073583915856,0.149712,0
86600,-0.048113650056629952,0.528454,0
86700,-0.121717298204681,0.00570918,0
86800,-0.12560680056545648,0.850646,0
86900,-0.038904142083700799,0.0693308,0
87000,-0.049460120770769063,0.0807665,0
87100,-0.045705826141063853,1.30275,0
87200,-0.18167514165835505,0.080048,0
87300,-0.13113276875132004,0.0121129,0
87400,-0.13811214735878596,0.0672356,0
87500,-0.14893063063134349,0.968645,0
87600,-0.072955929888110574,0.0259595,0
87700,-0.06129922941333163,0.0877361,0
87800,-0.10222067104118229,0.172391,0
87900,-0.13954370967289489,0.131004,0
88000,-0.10406530575036282,0.45252,0
88100,-0.27979700270546859,0.257008,0
88200,-0.07776176083809333,0.39237,0
88300,-0.036607660412488821,0.00516191,0
88400,-0.0019660202857137874,0.0378652,0
88500,-0.031226436944911066,0.00627973,0
88600,-0.042667825775766437,0.0106165,0
88700,-0.0092837654723012426,0.18455,0
88800,-0.11878863437605763,0.00335303,0
88900,-0.14050354773233845,0.278468,0
89000,-0.16672656234234931,0.014329,0
89100,-0.15865578177916417,0.726682,0
89200,-0.020354386862112658,0.146753,0
89300,-0.065603909227031063,0.851493,0
89400,-0.15521620441948034,0.885963,0
89500,-0.082626124648426391,0.179529,0
89600,-0.056951546172643364,0.0641418,0
89700,-0.063262321033005678,0.2839,0
89800,-0.10769452771948336,0.0706174,0
89900,-0.14508927296269264,0.364823,0
90000,-0.068699309234189876,0.109013,0
90100,-0.042374245589589209,0.210613,0
90200,-0.10542223234552477,0.125601,0
90300,-0.14528808857878192,0.00632942,0
90400,-0.13750373478366507,0.467628,0
90500,-0.080391617668436902,0.491865,0
90600,-0.13718337923254764,0.487743,0
90700,-0.060536342971094899,0.278591,0
90800,-0.11950819137460408,0.113481,0
90900,-0.046019033538359434,0.0166771,0
91000,-0.066409302225987496,0.0244128,0
91100,-0.04543670810829769,0.0770722,0
91200,-0.027852030237269267,0.203679,0
91300,-0.063311304911296912,0.0267257,0
91400,-0.11531752763555332,0.355609,0
91500,-0.22095073630282175,0.468522,0
91600,-0.089738782150636465,0.342415,0
91700,-0.036741441009328711,0.128473,0
91800,-0.10019572682178285,0.126813,0
91900,-0.015794051307478397,0.421357,0
92000,-0.066795747318959361,0.045271,0
92100,-0.049482815181479831,0.389821,0
92200,-0.0033820159137091339,0.29503,0
92300,-0.08004721491817296,0.111202,0
92400,-0.050847652025284233,0.417173,0
92500,-0.12983602860340537,1.1305,0
92600,-0.014609232276890594,0.0160266,0
92700,-0.0078163720357759588,0.0369599,0
92800,-0.044897349763794982,0.300772,0
92900,-0.088134122929569736,0.0846574,0
93000,-0.045612271628642745,1.59543,0
93100,-0.22980123473994848,2.50493,0
93200,-0.024093898468690721,0.00122,0
93300,-0.019036341930776288,2.25911,0
93400,-0.17047868909051839,1.94261,0
93500,-0.052672269864657034,1.04136,0
93600,-0.15330710318398108,0.0471942,0
93700,-0.13949692950433093,0.514807,0
93800,-0.045721507041319456,0.437228,0
93900,-0.081273071707372135,0.133298,0
94000,-0.067251294511681756,0.811532,0
94100,-0.17787727915936521,0.00335512,0
94200,-0.20358866433695511,1.66033,0
94300,-0.046488728736585806,0.00362465,0
94400,-0.026211321177759442,1.79939,0
94500,-0.17181679345553641,1.65586,0
94600,-0.047494379472800413,0.304394,0
94700,-0.073992564976879172,0.00612629,0
94800,-0.068737146453998574,0.0661729,0
94900,-0.094428157059030987,0.00710891,0
95000,-0.089204812456120774,0.35947,0
95100,-0.12922293575089636,0.196163,0
95200,-0.07325913835080268,0.4853,0
95300,-0.017120477538102672,0.0749946,0
95400,-0.053546124338817599,0.0828461,0
95500,-0.088112231605524116,0.239957,0
95600,-0.021801271527566189,1.83392,0
95700,-0.15908099577440935,2.1013,0
95800,-0.022094249252340652,0.571759,0
95900,-0.097633460965974431,0.306195,0
96000,-0.035046367414298972,0.000674743,0
96100,-0.033503813883308489,0.00183197,0
96200,-0.065026953768275331,0.0135914,0
96300,-0.031463322284969585,0.00403429,0
96400,-0.041375932385334761,0.0211507,0
96500,-0.00077166949277022523,0.0176518,0
96600,-0.021577680878212178,0.0412093,0
96700,-0.041861716314863455,0.06126,0
96800,-0.056760491775438959,0.172759,0
96900,-0.079811802553400882,0.218572,0
97000,-0.025406882409678685,0.00241244,0
97100,-0.041026016956542559,1.13351,0
97200,-0.14803420975631737,1.39877,0
97300,-0.016463768882710013,0.0162304,0
97400,-0.041789043571023018,0.174564,0
97500,-0.1127891146331816,0.330171,0
97600,-0.081911795938403809,0.585544,0
97700,-0.15508573867854411,0.772361,0
97800,-0.072074213298231812,0.00317263,0
97900,-0.034979627982901926,1.53024,0
98000,-0.14029136191659314,1.7286,0
98100,-0.02237930111662834,1.41845,0
98200,-0.13798364178982511,0.0030437,0
98300,-0.16366448399306535,0.000613103,0
98400,-0.14536356225648026,0.807608,0
98500,-0.070136488671458025,0.0292511,0
98600,-0.048332454519053235,1.14399,0
98700,-0.15774943634365934,0.711165,0
98800,-0.070329829787235246,0.220985,0
98900,-0.11464730846613534,0.515812,0
99000,-0.051480038818640599,0.00789831,0
99100,-0.054738543412541522,0.174829,0
99200,-0.063487048670167592,0.32999,0
99300,-0.091801841723491859,0.0422184,0
99400,-0.064844678767362954,0.0400737,0
99500,-0.033278503486374199,0.271781,0
99600,-0.094417175059209074,0.0457938,0
99700,-0.095949007172532713,0.0193001,0
99800,-0.056161683083008243,0.00468928,0
99900,-0.06980959466125751,0.0141035,0
100000,-0.073827319496222982,0.019681,0
