Timestep,Average Reward,C Loss,M Loss
100,-25.232938979908837,567.551,0
200,-38.605644422270807,1368.54,0
300,-8.6362616316199663,55.5114,0
400,-21.085501112161477,377.862,0
500,-6.6365357322066769,27.8687,0
600,-1.9879566488536167,2.71088,0
700,-12.857977360262799,124.529,0
800,-10.189066268937047,73.8884,0
900,-18.106144005205159,278.022,0
1000,-26.389970325231534,609.41,0
1100,-32.60806676353279,966.237,0
1200,-32.642500822681455,954.189,0
1300,-9.4108738535755769,73.2037,0
1400,-14.537252601197121,177.49,0
1500,-21.167725664520518,392.862,0
1600,-23.408201046351522,475.198,0
1700,-16.963077503036288,238.81,0
1800,-0.57929665315139989,10.9303,0
1900,-28.752130927125812,739.854,0
2000,-8.9426736987323014,61.7258,0
2100,-25.723844635499503,607.714,0
2200,-25.892126970798845,615.421,0
2300,-32.950767916081894,981.419,0
2400,-59.581204447264902,3469.76,0
2500,-42.237307888498599,1650.17,0
2600,-6.4738903162476849,45.5435,0
2700,-45.409327211585385,1926.06,0
2800,-12.119344216421377,112.114,0
2900,-4.5402952215561738,13.0302,0
3000,-6.4435247659691344,29.0184,0
3100,-10.720974796735028,92.5292,0
3200,-20.80260869644966,390.096,0
3300,-38.822790387640623,1385.55,0
3400,-36.954023689285435,1257.09,0
3500,-6.8937582490076501,43.6269,0
3600,-43.335453302907624,1773.95,0
3700,-5.1109366673010319,19.1415,0
3800,-27.604441188101301,678.72,0
3900,-25.024499007369187,553.189,0
4000,-36.477110460881534,1228.14,0
4100,-33.436525409858923,1007.2,0
4200,-41.615925117967016,1604.58,0
4300,-62.244072603984549,3791.74,0
4400,-27.099879733670182,644.571,0
4500,-16.047348835200687,221.844,0
4600,-46.955728388734826,2056.29,0
4700,-7.7956034774705847,38.0804,0
4800,-3.9920649558873551,44.5788,0
4900,-67.669850197020665,4491.89,0
5000,-43.365035895096881,1726.7,0
5100,-29.09202828784375,740.876,0
5200,-26.527617677486557,600.203,0
5300,-6.4764971747109259,31.9926,0
5400,-42.41535328475549,1632.23,0
5500,-38.386705244862313,1325.27,0
5600,-13.959050913907152,147.305,0
5700,-38.353051494789391,1308.04,0
5800,-24.974770037584737,525.446,0
5900,-53.194446246087161,2653.12,0
6000,-8.6804919321721918,55.1994,0
6100,-42.155448457429969,1604.66,0
6200,-53.413536701984057,2642.2,0
6300,-9.7134415972852999,61.8993,0
6400,-15.918783203908331,195.224,0
6500,-1.8918052883961627,8.14666,0
6600,-29.908013535646351,786.029,0
6700,-40.470946475359511,1493.34,0
6800,-33.69496539999345,1016.25,0
6900,-47.935127868677739,2121.6,0
7000,-20.408719157563777,343.453,0
7100,-28.929882698888058,734.012,0
7200,-1.7914050890343733,25.3936,0
7300,-49.518329134695179,2285.67,0
7400,-47.054646887845045,2058.37,0
7500,-73.642976943697803,5352.76,0
7600,-17.428235577767641,257.122,0
7700,-44.815859739990465,1855.15,0
7800,-25.752021672783322,578.443,0
7900,-24.245424418213847,508.721,0
8000,-15.229196376827385,181.964,0
8100,-11.137416335052722,92.1825,0
8200,-20.534041632831855,356.996,0
8300,-39.060356165097595,1395.62,0
8400,-19.840026807109965,325.126,0
8500,-10.39162299475931,74.7975,0
8600,-4.6080593941002874,8.99617,0
8700,-10.280590401284185,73.5227,0
8800,-8.032203197601115,41.3927,0
8900,-11.235969658573305,108.188,0
9000,-53.312623902814792,2670.9,0
9100,-45.899347504045473,1955.91,0
9200,-21.254560073644434,384.852,0
9300,-32.679521332908855,962.108,0
9400,-19.845625171341002,330.694,0
9500,-15.239271692796065,191.957,0
9600,-11.548406167750013,100.817,0
9700,-17.245925798009122,246.087,0
9800,-28.357898230581405,713.401,0
9900,-25.983823426850893,599.748,0
10000,-4.9935300549092636,11.6828,0
10100,-10.369859178135208,82.1189,0
10200,-35.202141123349826,1124.85,0
10300,-34.851321587485991,1117.0,0
10400,-3.9358342894237488,10.3834,0
10500,-24.240233338759548,516.367,0
10600,-45.982402327982228,1975.79,0
10700,-46.435669525036083,2040.33,0
10800,-2.8072224211535546,4.9402,0
10900,-19.000905274599177,310.385,0
11000,-16.722785386749116,237.297,0
11100,-30.769093654070083,866.722,0
11200,-39.864807856932252,1477.69,0
11300,-34.732252028452805,1124.77,0
11400,-39.409127765880136,1460.85,0
11500,-40.418471307155933,1540.38,0
11600,-30.787491623766428,876.954,0
11700,-43.04981397569577,1760.34,0
11800,-18.011733073446738,288.549,0
11900,-34.242789721596615,1101.17,0
12000,-21.158654207900522,409.519,0
12100,-11.381233394868298,107.945,0
12200,-7.4081412750533548,45.682,0
12300,-24.5536110244547,562.267,0
12400,-24.682006215932134,579.437,0
12500,-2.7741381185131844,5.34922,0
12600,-10.428253210001731,100.995,0
12700,-30.614161822942876,905.483,0
12800,-15.193570596860738,216.192,0
12900,-26.04540995065927,658.628,0
13000,-49.602113485103843,2434.27,0
13100,-5.5998457777005459,43.6361,0
13200,-46.721778300574769,2143.15,0
13300,-46.522134410298442,2131.33,0
13400,-26.056721806587607,657.31,0
13500,-30.077446079368038,881.163,0
13600,-16.45980411300415,260.292,0
13700,-32.202112461019681,1010.66,0
13800,-40.291802216057761,1604.14,0
13900,-6.3758711468505735,40.731,0
14000,-27.502690339138717,742.798,0
14100,-9.2522531604656244,84.7098,0
14200,-32.018238579055939,1004.46,0
14300,-20.717677263714567,418.099,0
14400,-3.4598613598592967,9.68527,0
14500,-3.1696968044581717,10.7399,0
14600,-20.284147410059887,412.701,0
14700,-66.618904764952021,4404.59,0
14800,-34.894655462324735,1193.69,0
14900,-38.461748146943386,1469.83,0
15000,-1.2448247387787754,1.28394,0
15100,-7.2408975836841156,48.0815,0
15200,-1.755343239168315,17.3455,0
15300,-40.447027807182359,1612.09,0
15400,-27.65365438547672,747.799,0
15500,-19.870647990741187,382.252,0
15600,-27.131273362538632,719.809,0
15700,-25.190925736407944,620.701,0
15800,-30.727023177444334,928.275,0
15900,-18.149722413246614,319.547,0
16000,-11.133186423635662,117.981,0
16100,-17.847828216824439,309.183,0
16200,-8.7358810671721354,77.3911,0
16300,-33.027011804228216,1071.99,0
16400,-24.355363007096404,580.604,0
16500,-9.7731060011471911,89.9131,0
16600,-13.459487619229936,177.919,0
16700,-34.678118763463019,1189.93,0
16800,-7.0629578601602239,45.6742,0
16900,-10.476262134232,122.199,0
17000,-53.329008157233375,2817.47,0
17100,-28.002622310910102,768.627,0
17200,-40.562373411512041,1620.98,0
17300,-32.66028087349892,1053.4,0
17400,-58.920988129973423,3435.97,0
17500,-72.345315302638369,5196.54,0
17600,-40.018509714703377,1584.82,0
17700,-10.171207930092036,111.503,0
17800,-47.653257771606143,2255.24,0
17900,-8.5843260119704343,69.2905,0
18000,-20.174083368451551,394.244,0
18100,-23.95212292799398,562.283,0
18200,-3.5777034914788994,14.0327,0
18300,-22.073750074114567,474.343,0
18400,-9.4468128999004417,83.4748,0
18500,-2.9317991151130878,6.82098,0
18600,-1.2077499476578588,8.98146,0
18700,-29.434231015140814,855.299,0
18800,-0.85329644530745941,2.16117,0
18900,-14.6420162951168,205.388,0
19000,-22.875960227494499,509.087,0
19100,-12.040329804481905,136.741,0
19200,-12.052595638937142,150.61,0
19300,-48.420675426369719,2320.38,0
19400,-18.822120166657101,341.35,0
19500,-16.707779021379348,269.587,0
19600,-31.012420234913662,941.023,0
19700,-41.226999990766245,1678.97,0
19800,-13.157820420967845,173.608,0
19900,-44.416240785771052,1940.8,0
20000,-43.05152169104862,1820.3,0
20100,-80.681031674861813,6489.64,0
20200,-17.074518461428678,281.188,0
20300,-30.993961472584488,938.746,0
20400,-41.366032280957,1680.78,0
20500,-37.889805790986884,1415.11,0
20600,-11.239569634828802,119.412,0
20700,-22.506677334949345,490.784,0
20800,-11.473305406126105,123.091,0
20900,-11.867596120162009,133.171,0
21000,-1.4470705560520747,4.97525,0
21100,-20.80412891712561,418.605,0
21200,-9.8233951307065439,95.2611,0
21300,-34.7672062612491,1187.49,0
21400,-56.746761512980818,3202.39,0
21500,-7.0403407542942071,46.7631,0
21600,-23.403329907548933,551.897,0
21700,-70.278840469213534,4888.21,0
21800,-52.46251424152134,2719.43,0
21900,-22.999859886923073,513.246,0
22000,-7.6723368101929168,54.0984,0
22100,-18.302240455738144,322.201,0
22200,-5.8244333715025922,30.7755,0
22300,-18.215401145926137,322.631,0
22400,-41.402847935872906,1683.54,0
22500,-24.191144062304328,566.509,0
22600,-16.754561705167266,269.621,0
22700,-1.3297406812243853,14.0789,0
22800,-37.357318968515152,1367.17,0
22900,-21.99040903422943,467.718,0
23000,-7.7476612554711979,54.2021,0
23100,-1.168086613151502,6.28734,0
23200,-25.058990626782197,608.139,0
23300,-34.426732711411482,1162.99,0
23400,-8.7204118157652815,69.3337,0
23500,-15.369588857757778,223.948,0
23600,-22.59945217703044,495.058,0
23700,-4.7553171271989898,37.429,0
23800,-47.324730099554991,2215.5,0
23900,-7.8214605193245745,61.1076,0
24000,-33.208621885880824,1075.89,0
24100,-45.345234764363276,2023.61,0
24200,-19.984877813783601,382.565,0
24300,-12.8098141213849,153.385,0
24400,-7.3887705768569143,49.4981,0
24500,-18.468534531399133,329.498,0
24600,-39.250035647450495,1519.59,0
24700,-2.7070478938638378,8.8266,0
24800,-21.771359811024709,456.836,0
24900,-7.3731657397230217,48.178,0
25000,-12.074519261843234,136.92,0
25100,-25.443989692281932,624.952,0
25200,-15.389518301071616,223.904,0
25300,-25.037889707565142,604.69,0
25400,-17.164355162782723,279.48,0
25500,-23.07146106874978,516.484,0
25600,-45.233845279860198,2016.42,0
25700,-10.976559359873857,114.584,0
25800,-31.128583608905579,940.294,0
25900,-25.138795399285083,618.428,0
26000,-55.603537263474543,3070.3,0
26100,-0.88171807131447855,5.11878,0
26200,-23.457725862294883,548.188,0
26300,-67.38094113712927,4484.16,0
26400,-39.93468040715932,1564.04,0
26500,-13.208159250594827,171.021,0
26600,-42.915310019889041,1800.92,0
26700,-38.903069593634918,1477.66,0
26800,-26.824904392971352,700.304,0
26900,-2.0993118631147865,31.0846,0
27000,-54.687621645231076,2962.48,0
27100,-4.62082166233143,18.4796,0
27200,-16.458927530861143,255.762,0
27300,-7.3024816270488317,48.8445,0
27400,-22.641592579977488,492.686,0
27500,-8.1140170893635108,59.5882,0
27600,-20.65413419639728,406.973,0
27700,-28.01652377455693,757.978,0
27800,-19.732510899914665,370.367,0
27900,-26.328289323059138,673.186,0
28000,-1.9290621545132174,4.89512,0
28100,-18.622574064242425,330.153,0
28200,-4.8165295542389694,22.2755,0
28300,-24.132122057668525,558.884,0
28400,-32.886517267582036,1051.29,0
28500,-15.411260258344505,222.318,0
28600,-9.333445760817261,84.8316,0
28700,-35.938448988620522,1256.34,0
28800,-49.200639139879669,2393.45,0
28900,-1.0296552458087302,18.8553,0
29000,-43.533547046965644,1865.87,0
29100,-4.6685332236264321,52.9033,0
29200,-63.672469818542929,4009.1,0
29300,-17.446946001406978,287.284,0
29400,-27.48357261446974,730.137,0
29500,-45.848534164779295,2059.62,0
29600,-21.591885117403166,444.001,0
29700,-29.267535822502278,827.782,0
29800,-44.13388048653789,1905.33,0
29900,-22.727200950821437,493.003,0
30000,-31.28078041122863,952.298,0
30100,-58.90742633682941,3411.55,0
30200,-35.192717575016601,1204.73,0
30300,-14.594441691773257,202.224,0
30400,-36.735955152776562,1309.63,0
30500,-39.433344582760569,1522.13,0
30600,-7.4956854056309927,48.4191,0
30700,-3.2995267693997046,12.2605,0
30800,-24.791945073014304,589.914,0
30900,-8.8268521068159558,68.4738,0
31000,-6.3802305178186609,33.9114,0
31100,-4.6448116591106379,17.2925,0
31200,-12.634110363761524,145.775,0
31300,-18.690027941066738,363.567,0
31400,-77.024850990837493,5879.77,0
31500,-17.868532202054727,304.037,0
31600,-39.603147367648916,1523.95,0
31700,-32.529799280165022,1021.4,0
31800,-35.393261745748198,1212.67,0
31900,-30.615471836267943,908.42,0
32000,-6.1261893575431881,30.7912,0
32100,-6.8538030551730129,39.713,0
32200,-12.956385961429946,157.873,0
32300,-34.535112381574059,1152.87,0
32400,-29.292763955837113,842.893,0
32500,-71.707869941202148,5096.05,0
32600,-10.422727264437427,97.0544,0
32700,-17.504787183807387,286.327,0
32800,-22.65463222182176,490.463,0
32900,-41.733343585651802,1697.55,0
33000,-19.575648502052172,362.118,0
33100,-33.739820879683947,1104.09,0
33200,-9.8408071519681659,109.223,0
33300,-58.341820222569083,3336.81,0
33400,-40.911686705160804,1624.6,0
33500,-38.505039327074172,1443.94,0
33600,-10.660590656421311,110.024,0
33700,-40.066421396668957,1571.07,0
33800,-2.1584654864593502,2.70131,0
33900,-7.7727368181646348,51.8075,0
34000,-0.5519570781054095,0.550125,0
34100,-7.9514331406345482,53.6608,0
34200,-9.5139793100961914,92.1614,0
34300,-45.225937335578926,1993.46,0
34400,-25.555522152457538,624.288,0
34500,-9.8059234922806269,84.3022,0
34600,-9.9643252806971994,97.5192,0
34700,-41.790689182534372,1695.91,0
34800,-30.168451702640933,875.073,0
34900,-13.699452742464512,172.308,0
35000,-26.304850546713027,664.348,0
35100,-49.12172602574784,2351.21,0
35200,-44.130550811147835,1892.59,0
35300,-34.099982302375849,1129.43,0
35400,-2.8575809110354693,8.4709,0
35500,-21.666039939674388,442.129,0
35600,-25.847751885716452,635.903,0
35700,-16.786678650613116,269.729,0
35800,-46.909873026673615,2144.02,0
35900,-26.993350273902312,700.874,0
36000,-1.05545248638686,3.09739,0
36100,-18.100731765006671,304.24,0
36200,-18.931728497298039,334.206,0
36300,-14.691555017500848,198.503,0
36400,-2.5746201143421477,7.90589,0
36500,-22.903297940280609,497.385,0
36600,-6.8557333055577052,51.4162,0
36700,-42.69971671917893,1767.76,0
36800,-33.009982144644432,1046.3,0
36900,-36.356951363935508,1280.05,0
37000,-11.459008682580217,121.722,0
37100,-34.805917552553225,1168.53,0
37200,-53.233213315859182,2778.08,0
37300,-14.169241858475411,182.187,0
37400,-18.529397335951938,319.846,0
37500,-28.991469860088429,802.32,0
37600,-20.733631690180275,403.418,0
37700,-32.11904146634518,988.236,0
37800,-31.462600753356522,947.315,0
37900,-33.024411978709161,1047.32,0
38000,-45.864391639771632,2047.29,0
38100,-20.751841608427753,403.051,0
38200,-28.329052785459066,763.847,0
38300,-31.741013520569503,966.009,0
38400,-46.37764320959397,2090.45,0
38500,-27.59668028610648,744.584,0
38600,-72.831300754293693,5219.07,0
38700,-32.317490092093337,1008.54,0
38800,-2.8866653815000096,10.4051,0
38900,-26.37538447200313,660.598,0
39000,-13.336203718370111,160.322,0
39100,-4.6179446608290036,21.9515,0
39200,-30.301838355609501,875.697,0
39300,-29.807712470249268,847.121,0
39400,-37.370334735104194,1344.8,0
39500,-27.097503835267698,696.067,0
39600,-23.761176612233193,531.294,0
39700,-17.949883488777683,297.344,0
39800,-24.834810817718314,582.98,0
39900,-38.090896540636066,1398.07,0
40000,-51.028614383130872,2540.31,0
40100,-19.581541295175999,355.609,0
40200,-23.22458113565277,506.047,0
40300,-21.891310955429159,448.175,0
40400,-28.690836963428669,782.571,0
40500,-39.420180459548241,1498.25,0
40600,-52.342333967002858,2670.17,0
40700,-25.668802232727945,622.481,0
40800,-35.495389505689182,1214.3,0
40900,-9.9291908106767099,84.7797,0
41000,-16.158864450557751,238.191,0
41100,-8.5614214367303436,62.0809,0
41200,-18.973354890784567,336.464,0
41300,-39.414298301953778,1501.79,0
41400,-13.46746218107215,161.923,0
41500,-8.6534888409503985,62.6948,0
41600,-14.299839587411833,202.651,0
41700,-57.44740262870944,3236.17,0
41800,-10.116031532605707,87.749,0
41900,-5.56239001070713,25.6789,0
42000,-21.594943453221422,434.68,0
42100,-13.283334356543413,162.853,0
42200,-37.874871812073337,1377.1,0
42300,-31.493187215906346,951.352,0
42400,-4.8711185137331867,33.7983,0
42500,-45.895767703991289,2036.03,0
42600,-46.353995942627286,2085.65,0
42700,-17.473915374638878,278.89,0
42800,-14.678707240223121,194.786,0
42900,-27.60883439647521,730.063,0
43000,-59.443623117666846,3445.49,0
43100,-38.634498973873171,1432.63,0
43200,-36.607813189037763,1288.25,0
43300,-13.793002417984633,171.785,0
43400,-29.845210119489902,845.915,0
43500,-17.022164945782496,263.538,0
43600,-20.681686760660991,396.478,0
43700,-11.102932509922342,110.201,0
43800,-31.173746327517165,924.023,0
43900,-41.94197863594092,1699.58,0
44000,-16.051286514906469,234.459,0
44100,-29.938705961204345,849.447,0
44200,-38.311030513171453,1417.17,0
44300,-6.0698320390792251,27.9371,0
44400,-1.1853146068023792,0.143462,0
44500,-1.3792684223351304,1.23481,0
44600,-10.849626703372314,100.813,0
44700,-9.2539377497708184,71.3278,0
44800,-6.6494629382007622,44.9123,0
44900,-39.418610263618959,1492.66,0
45000,-23.29835466235485,507.913,0
45100,-39.475863993042907,1494.37,0
45200,-43.333946796556219,1812.69,0
45300,-20.516557959335099,391.288,0
45400,-38.870850420461686,1451.99,0
45500,-17.157239008042993,266.978,0
45600,-10.805263442972423,102.039,0
45700,-26.555738477856266,667.937,0
45800,-1.5159557357227129,5.87404,0
45900,-24.877826508790481,583.151,0
46000,-47.2375089401243,2155.51,0
46100,-31.541212203659384,945.734,0
46200,-49.112557152054421,2331.21,0
46300,-37.288072825718743,1333.47,0
46400,-59.373743924005822,3448.75,0
46500,-11.890644354850014,129.412,0
46600,-39.143085505287331,1466.71,0
46700,-44.547136401558312,1910.04,0
46800,-36.345735497350844,1261.26,0
46900,-23.965828551746984,536.396,0
47000,-9.2717857262236194,77.7061,0
47100,-35.295969236803906,1186.06,0
47200,-31.149699460227961,917.981,0
47300,-37.652307006861122,1359.76,0
47400,-13.46721136872871,176.439,0
47500,-54.861047235105886,2931.44,0
47600,-14.956126101787206,199.39,0
47700,-5.9369499578230185,33.2808,0
47800,-33.088377444133592,1046.29,0
47900,-3.9053561103409802,9.33311,0
48000,-8.060971261730252,65.3844,0
48100,-45.126951599516403,1960.2,0
48200,-60.048175897660705,3505.03,0
48300,-39.740732991354186,1510.27,0
48400,-42.279991286323494,1719.58,0
48500,-18.221146816990984,301.7,0
48600,-28.825776636140162,782.817,0
48700,-43.568337069174113,1823.67,0
48800,-28.937052051995309,794.309,0
48900,-1.6051939124298251,8.30565,0
49000,-29.224212920288618,805.219,0
49100,-13.41316141195013,160.757,0
49200,-33.372434065686527,1054.76,0
49300,-29.319338824316187,813.672,0
49400,-5.1604742758032431,27.5844,0
49500,-35.375529632682976,1199.98,0
49600,-1.476312163104003,0.325871,0
49700,-1.3077326532543032,1.80938,0
49800,-13.981863971165156,171.705,0
49900,-5.1110854526190987,17.6945,0
50000,-7.5461166584827701,52.7732,0
50100,-36.992589996018175,1301.47,0
50200,-32.332455580464178,987.952,0
50300,-42.451451385587667,1742.13,0
50400,-1.5944986271237738,2.45912,0
50500,-15.609270010378161,216.143,0
50600,-10.129237006266447,93.1359,0
50700,-38.634995139592256,1429.36,0
50800,-12.259942906886659,143.802,0
50900,-51.202945156619883,2527.83,0
51000,-45.51512684303728,1999.09,0
51100,-12.393822875120325,141.1,0
51200,-43.383967744898406,1805.79,0
51300,-24.160583890134646,540.072,0
51400,-13.886747898148753,168.548,0
51500,-4.6624252275709708,28.0581,0
51600,-41.97625187470603,1686.95,0
51700,-24.675567169744031,564.393,0
51800,-35.569023658086998,1203.54,0
51900,-56.70805064887815,3125.76,0
52000,-16.603848688479498,249.214,0
52100,-36.919848637578752,1296.53,0
52200,-53.346856450516185,2746.39,0
52300,-64.15073011323426,4002.5,0
52400,-34.53015881624669,1134.34,0
52500,-7.774545309557916,46.4505,0
52600,-8.9457060292770514,63.8981,0
52700,-12.777121284287327,152.479,0
52800,-48.007055470222859,2235.47,0
52900,-0.81161216097551336,0.750963,0
53000,-9.1873339028494687,67.5112,0
53100,-7.8899090421235645,50.8838,0
53200,-24.903497733153554,575.338,0
53300,-9.309255683570882,72.8007,0
53400,-27.234293014156009,691.066,0
53500,-15.234773455998811,203.921,0
53600,-8.2295213444649491,91.5175,0
53700,-69.797161818749188,4761.67,0
53800,-19.493612733205808,348.318,0
53900,-42.951812622849211,1762.92,0
54000,-29.533395711042019,818.646,0
54100,-10.510522949728031,92.3894,0
54200,-23.48195117970014,506.085,0
54300,-27.822325588911305,721.346,0
54400,-39.613567643793182,1491.53,0
54500,-39.785576948354212,1509.87,0
54600,-16.394197486185604,237.242,0
54700,-12.869093374515128,141.442,0
54800,-20.131224242874335,366.005,0
54900,-18.344377251661719,303.916,0
55000,-35.945073990726343,1223.62,0
55100,-19.45124859177136,343.986,0
55200,-38.511165381922581,1414.33,0
55300,-10.662273543140651,93.5145,0
55400,-16.438474613114334,240.033,0
55500,-2.229846579333588,1.52356,0
55600,-4.3692694849984166,12.7561,0
55700,-16.485806451756186,241.721,0
55800,-1.0077761687682412,3.49701,0
55900,-19.645071079569494,346.828,0
56000,-25.670121382369324,608.118,0
56100,-32.902305045752968,1016.42,0
56200,-28.552522872080917,759.065,0
56300,-17.473668654392291,284.262,0
56400,-53.876925710509482,2812.74,0
56500,-9.5420259014483477,81.2693,0
56600,-38.857335381975595,1437.28,0
56700,-13.427614761001948,159.037,0
56800,-36.541145791918737,1261.99,0
56900,-24.829220363429034,567.02,0
57000,-35.024729215621022,1155.32,0
57100,-27.995820266430915,726.993,0
57200,-21.264219963276627,408.88,0
57300,-20.774504249732235,389.984,0
57400,-11.707368203441058,113.921,0
57500,-17.490201916662855,272.187,0
57600,-31.072058991696778,901.425,0
57700,-25.767665398471095,612.58,0
57800,-39.400333341505863,1472.19,0
57900,-25.474567232145937,598.692,0
58000,-9.6693123028978576,74.6807,0
58100,-17.154615742161429,259.011,0
58200,-17.709799213100666,279.463,0
58300,-32.994444081376201,1019.96,0
58400,-39.829406701043517,1505.7,0
58500,-22.074603840516055,441.395,0
58600,-26.789830863339933,661.634,0
58700,-31.094735517263583,902.503,0
58800,-42.243949979377568,1701.06,0
58900,-17.245445525492045,262.585,0
59000,-6.8806897254696375,50.5708,0
59100,-47.396431803469106,2159.82,0
59200,-9.2084432870861583,66.3989,0
59300,-15.241071640824599,200.73,0
59400,-20.657581370729712,383.142,0
59500,-17.570042668591853,275.224,0
59600,-36.008086431340928,1229.42,0
59700,-4.2482760699503181,10.0442,0
59800,-1.4768372249509947,5.24217,0
59900,-23.818869802359721,517.741,0
60000,-12.866266145028867,144.905,0
60100,-37.834977612547803,1350.89,0
60200,-26.558691843116279,648.13,0
60300,-27.586616835621314,706.068,0
60400,-6.4706452636961691,34.4784,0
60500,-30.161639343079528,844.282,0
60600,-27.802444463256869,715.338,0
60700,-11.596884795777715,118.7,0
60800,-40.644780077602086,1571.57,0
60900,-11.365334914308844,105.159,0
61000,-9.922455812089277,85.3681,0
61100,-37.642801053936793,1334.22,0
61200,-33.955416990426031,1082.37,0
61300,-13.143221170535259,145.574,0
61400,-23.53418156033268,514.708,0
61500,-58.263273599342128,3277.46,0
61600,-22.67244337638374,464.732,0
61700,-15.528008403824865,207.437,0
61800,-11.851872912103486,117.882,0
61900,-28.932984943000402,772.956,0
62000,-28.316452731677046,743.514,0
62100,-6.9008426678955352,33.4612,0
62200,-2.4156685635283153,5.08066,0
62300,-20.947480545307549,392.639,0
62400,-25.857940822842817,614.869,0
62500,-6.3421349961495794,32.3912,0
62600,-29.40727652496167,798.691,0
62700,-30.109197154556295,840.656,0
62800,-16.778942362608188,249.961,0
62900,-40.314590735594628,1540.2,0
63000,-15.120848207200856,195.092,0
63100,-15.896305595011798,223.142,0
63200,-39.627788392122888,1486.79,0
63300,-13.81856681422031,162.299,0
63400,-28.091757299951258,726.654,0
63500,-39.543373155166591,1479.48,0
63600,-14.699785676838216,191.036,0
63700,-42.194732921043752,1691.71,0
63800,-13.222006557590841,145.32,0
63900,-13.688276044637009,158.749,0
64000,-27.780930553649064,711.31,0
64100,-9.7864396564145366,74.1828,0
64200,-11.111658122527405,99.6703,0
64300,-21.077782219187021,402.751,0
64400,-46.672382517474261,2072.16,0
64500,-30.766385364288194,879.447,0
64600,-50.881761325220481,2475.58,0
64700,-27.569552198412637,702.606,0
64800,-52.455788873165105,2638.54,0
64900,-20.904806496258967,388.757,0
65000,-17.200788343378427,256.325,0
65100,-16.661513320799994,240.591,0
65200,-27.960384273087243,716.625,0
65300,-23.512204594721979,501.049,0
65400,-6.5440827477602275,49.9024,0
65500,-52.250930693279962,2612.09,0
65600,-28.127049090794475,724.987,0
65700,-28.679795702693919,754.964,0
65800,-29.221571724521631,785.521,0
65900,-21.31190499135089,405.502,0
66000,-32.762715746472438,996.215,0
66100,-40.933180068677927,1582.57,0
66200,-18.906213545484551,313.079,0
66300,-18.705004836273396,307.701,0
66400,-5.6477855195000153,26.3569,0
66500,-31.224394466803997,904.836,0
66600,-10.242843301445598,83.4589,0
66700,-24.500106981740132,542.353,0
66800,-17.42714997110021,267.145,0
66900,-38.811234966964243,1412.64,0
67000,-41.546493570343436,1625.57,0
67100,-38.945691473545359,1422.66,0
67200,-44.453246162080113,1869.73,0
67300,-57.367587397309023,3162.72,0
67400,-23.311969085687927,488.747,0
67500,-35.137233101972896,1149.24,0
67600,-37.481556840474539,1313.84,0
67700,-43.162491681973627,1772.82,0
67800,-4.0931704130383899,15.4445,0
67900,-30.9446542224909,882.884,0
68000,-22.126459342780063,436.913,0
68100,-32.15542192133011,956.891,0
68200,-19.430947682669675,330.678,0
68300,-23.140909515976617,483.591,0
68400,-1.9840966741497092,0.554842,0
68500,-0.58486540318632907,2.24815,0
68600,-13.138295853636139,140.382,0
68700,-16.13238688447516,221.37,0
68800,-19.274901226334389,324.617,0
68900,-17.182959069173918,254.061,0
69000,-24.663784123286828,548.901,0
69100,-13.490177225234,149.425,0
69200,-16.164734997217728,222.264,0
69300,-21.432972649750795,408.854,0
69400,-6.6309653649639877,28.9261,0
69500,-10.840427832192718,92.6973,0
69600,-0.59240259689951624,9.45244,0
69700,-30.107802589625944,825.561,0
69800,-23.753531847438094,507.08,0
69900,-10.263822173839298,81.6198,0
70000,-1.2343258888074735,3.48595,0
70100,-19.645329691100905,338.242,0
70200,-8.274570747071774,49.0312,0
70300,-11.468519482945275,104.016,0
70400,-6.6764808232751651,29.1239,0
70500,-4.129148061322172,14.4972,0
70600,-29.191981287164218,780.49,0
70700,-15.623393960287858,206.14,0
70800,-7.674187726765342,43.1614,0
70900,-22.94443274323471,472.509,0
71000,-3.8184804955976825,11.6555,0
71100,-26.934730664264698,662.844,0
71200,-49.961685080733957,2381.44,0
71300,-13.619505080552464,151.832,0
71400,-16.643054701119084,235.868,0
71500,-9.4891071325312097,68.7006,0
71600,-22.398067911594108,445.292,0
71700,-15.596364942845337,204.195,0
71800,-18.158671862599764,283.911,0
71900,-20.931238922127704,387.081,0
72000,-6.4621252805162124,32.9891,0
72100,-31.548237002640832,921.779,0
72200,-4.0147354146269532,15.7878,0
72300,-32.999713260451038,1003.88,0
72400,-26.963620300301759,660.0,0
72500,-11.61787281476399,111.716,0
72600,-35.391144561002413,1160.86,0
72700,-29.894170397579707,819.741,0
72800,-48.781547364408908,2258.79,0
72900,-22.264044085571093,438.366,0
73000,-26.20633261384371,618.947,0
73100,-20.731032926244342,379.336,0
73200,-38.249047582163477,1366.28,0
73300,-18.974955879351814,311.723,0
73400,-10.820145286191497,90.2017,0
73500,-5.0893946909279153,14.0362,0
73600,-5.6023417929801429,19.139,0
73700,-15.908330477934538,219.209,0
73800,-42.680112750295308,1708.83,0
73900,-50.198253664676393,2387.02,0
74000,-40.135267699958959,1504.1,0
74100,-41.446843038071528,1615.33,0
74200,-13.328401363158257,143.397,0
74300,-14.96181329798244,185.678,0
74400,-22.590151875125098,451.127,0
74500,-16.670111545678228,239.484,0
74600,-38.912099419942983,1418.03,0
74700,-10.763785403154996,89.9769,0
74800,-23.733249682153229,506.321,0
74900,-48.003642732329261,2189.89,0
75000,-9.6612492597556816,77.9186,0
75100,-39.705838261041045,1471.69,0
75200,-24.706960066734432,544.783,0
75300,-30.648939740045442,861.351,0
75400,-9.8964234192730132,83.1282,0
75500,-41.90405399381271,1653.56,0
75600,-8.5579230226614715,55.8526,0
75700,-29.203328803897033,775.801,0
75800,-15.437020894803325,198.115,0
75900,-7.4481320872897774,44.8461,0
76000,-35.543086590647611,1173.46,0
76100,-9.4082735567815003,65.3867,0
76200,-20.049447915270061,348.266,0
76300,-24.644597806838341,541.659,0
76400,-35.160084116277318,1141.6,0
76500,-22.482910377333965,445.937,0
76600,-34.224653372593792,1077.4,0
76700,-35.547579037306321,1169.39,0
76800,-17.13007408779022,252.38,0
76900,-39.376161672718673,1445.34,0
77000,-20.264796913209999,356.712,0
77100,-30.734851091421525,864.196,0
77200,-10.159951347587009,76.5517,0
77300,-8.8067298836055734,82.1462,0
77400,-60.583602344567183,3517.06,0
77500,-20.281935021099379,356.317,0
77600,-13.535219041178292,148.046,0
77700,-24.575913215989143,537.962,0
77800,-11.010557500211974,96.0229,0
77900,-31.364052852428198,896.804,0
78000,-37.940841554904452,1333.88,0
78100,-30.411843890504286,840.258,0
78200,-36.905139175526074,1262.74,0
78300,-15.787261515287655,208.3,0
78400,-0.94328442366887588,4.57793,0
78500,-21.647486919661432,412.134,0
78600,-46.381390333376693,2020.61,0
78700,-39.495815423496317,1454.3,0
78800,-15.414335094244295,195.331,0
78900,-17.320459639382971,252.962,0
79000,-8.4677178234720252,55.3382,0
79100,-32.621456167144473,976.004,0
79200,-12.565885705717115,124.622,0
79300,-2.9216406760587446,10.5846,0
79400,-31.869866632075905,925.97,0
79500,-40.142091758583753,1500.22,0
79600,-22.012267363221966,422.921,0
79700,-27.635549248003795,685.441,0
79800,-30.299608950575312,832.008,0
79900,-34.921830990138247,1119.57,0
80000,-33.111495703855546,1002.54,0
80100,-24.063054972789534,510.746,0
80200,-23.289504446576338,477.951,0
80300,-10.432655920806113,87.3584,0
80400,-36.356596611103825,1229.88,0
80500,-0.98510629582269094,5.82253,0
80600,-24.584475889363556,529.979,0
80700,-17.180085391477565,246.804,0
80800,-20.281803225510902,354.044,0
80900,-14.433924521714372,172.033,0
81000,-34.385039363995858,1088.38,0
81100,-10.877841374266497,88.6949,0
81200,-4.7926009801980465,13.8767,0
81300,-21.665485117664215,408.466,0
81400,-11.107538436761681,102.959,0
81500,-42.988625266033004,1726.03,0
81600,-24.26385527342989,524.092,0
81700,-47.141213243970071,2089.78,0
81800,-23.274360919469444,486.644,0
81900,-57.79697855984066,3179.26,0
82000,-27.167270588984785,665.032,0
82100,-2.6689283115214129,1.37939,0
82200,-3.8634664572453197,6.52427,0
82300,-13.483477103011026,143.991,0
82400,-6.751277153900701,30.0512,0
82500,-22.969491735483306,477.023,0
82600,-62.658629721803706,3769.42,0
82700,-8.0432592522295661,42.6891,0
82800,-8.9012487943302077,54.7155,0
82900,-12.370134768443839,118.255,0
83000,-6.2901177868549469,35.9267,0
83100,-42.194593204112017,1656.87,0
83200,-26.745421995034899,640.023,0
83300,-7.7040370553301534,38.2319,0
83400,-6.1092056779897481,21.3213,0
83500,-11.440304448282346,99.063,0
83600,-3.2114992332301422,26.1087,0
83700,-51.104750978994751,2458.92,0
83800,-39.941085074818318,1478.57,0
83900,-22.027137129423998,420.323,0
84000,-27.63623633848492,682.511,0
84100,-16.799936138061948,232.979,0
84200,-16.178216294883541,216.338,0
84300,-2.0880705882188306,2.2295,0
84400,-15.774834175310696,204.279,0
84500,-2.8980008712115879,4.60578,0
84600,-19.552855667239275,325.139,0
84700,-28.66642777469891,737.701,0
84800,-13.872206448965811,152.992,0
84900,-24.518567655488649,527.851,0
85000,-18.147828552880107,278.171,0
85100,-1.8116720525086063,4.95972,0
85200,-23.592344575001686,490.824,0
85300,-1.2426379727291259,4.33984,0
85400,-21.728028505322108,408.222,0
85500,-37.97818171333244,1334.28,0
85600,-10.460258770618898,89.6938,0
85700,-42.492099308407298,1681.99,0
85800,-16.895006503462156,243.128,0
85900,-44.969428994106245,1888.51,0
86000,-23.57484493920823,487.526,0
86100,-41.32105060136071,1581.61,0
86200,-29.13427572197822,764.088,0
86300,-49.910560445070772,2338.99,0
86400,-34.060209474636238,1055.98,0
86500,-24.902963664301101,545.852,0
86600,-38.036140848193419,1337.07,0
86700,-9.9076561209367267,69.3209,0
86800,-10.868286591704257,86.5612,0
86900,-5.2593871146745537,26.5583,0
87000,-41.061657105279565,1560.82,0
87100,-25.030730900664672,551.606,0
87200,-39.400293740798311,1430.1,0
87300,-31.45027001012545,891.677,0
87400,-36.30137117971406,1213.56,0
87500,-6.4650698823032062,25.0677,0
87600,-18.177225387100947,275.325,0
87700,-25.077257906669484,551.272,0
87800,-21.017158246829528,378.862,0
87900,-35.043576940424913,1119.17,0
88000,-24.6992406117981,533.777,0
88100,-17.507077480888473,252.736,0
88200,-16.661150565542371,226.494,0
88300,-16.793192481869664,231.469,0
88400,-26.718853245709539,635.439,0
88500,-4.281325595873013,17.6775,0
88600,-36.776478602952785,1237.6,0
88700,-49.358862700235306,2280.32,0
88800,-59.885375785323191,3427.23,0
88900,-3.5267722130540191,21.1183,0
89000,-45.231266444285446,1902.17,0
89100,-53.436081899427244,2696.82,0
89200,-17.980852896975723,268.622,0
89300,-6.9978525719196298,32.2885,0
89400,-25.419564135805505,568.188,0
89500,-9.8611602735946793,67.6839,0
89600,-9.3711013760022155,62.5742,0
89700,-25.681918673655296,581.646,0
89800,-7.2541309432956824,41.8678,0
89900,-39.230739242738935,1413.03,0
90000,-34.760296816333124,1097.3,0
90100,-27.278113510605881,661.527,0
90200,-48.067852159872736,2172.22,0
90300,-6.8458924663397003,39.055,0
90400,-41.110361459107999,1564.43,0
90500,-13.94391484461242,155.12,0
90600,-34.012993739450692,1046.97,0
90700,-33.059398153370459,990.646,0
90800,-11.944405563363231,108.929,0
90900,-29.664507577511777,784.143,0
91000,-29.148337773580021,757.658,0
91100,-14.252635588580285,158.679,0
91200,-9.4248625340913534,60.8556,0
91300,-17.733931013228343,258.593,0
91400,-24.983472546367125,543.477,0
91500,-23.638472074784055,482.925,0
91600,-16.697302294821597,225.922,0
91700,-11.71258810965508,103.246,0
91800,-27.856149457363976,690.196,0
91900,-49.965753795963934,2332.22,0
92000,-40.673487836047286,1534.73,0
92100,-3.2318352268130752,11.2888,0
92200,-32.70570238946101,966.12,0
92300,-13.085828194681948,130.294,0
92400,-6.9774363248504701,28.1832,0
92500,-11.842113198784885,104.76,0
92600,-24.865090067557976,537.016,0
92700,-21.239653735321664,381.928,0
92800,-23.819930341340715,491.344,0
92900,-37.300745279945751,1281.22,0
93000,-0.86015489234352427,16.983,0
93100,-40.554700839404106,1501.07,0
93200,-30.769967406035171,845.476,0
93300,-39.205751046430308,1407.58,0
93400,-49.495224385502517,2297.22,0
93500,-13.111970955621906,130.909,0
93600,-4.348393338595919,34.2513,0
93700,-56.005800609423972,2957.53,0
93800,-25.233122963637872,553.318,0
93900,-22.056150362395648,418.085,0
94000,-2.0348285259516308,39.5924,0
94100,-64.008913572245618,3906.16,0
94200,-12.062618267449164,120.314,0
94300,-48.132880253407464,2158.58,0
94400,-27.444659568254846,665.269,0
94500,-46.004891125628461,1968.99,0
94600,-17.610633227295192,252.702,0
94700,-23.474541738349448,473.56,0
94800,-16.114240008856068,223.449,0
94900,-56.29022754249214,2984.0,0
95000,-29.298781466781438,760.383,0
95100,-22.179794102432997,418.436,0
95200,-29.040473830071218,745.533,0
95300,-30.892162214532135,850.286,0
95400,-36.995152782371903,1244.01,0
95500,-47.267127755415274,2076.37,0
95600,-27.716550753966249,674.578,0
95700,-29.820731793320061,789.666,0
95800,-17.851172052297219,267.293,0
95900,-45.917152280132861,1952.68,0
96000,-30.889179564056821,854.059,0
96100,-8.4801456441710048,46.2223,0
96200,-18.472148935165411,281.666,0
96300,-33.117563386515116,989.697,0
96400,-8.3912649107012296,47.3283,0
96500,-26.469493777131056,612.712,0
96600,-11.703175068832563,99.6386,0
96700,-20.897327717094036,366.88,0
96800,-12.034090081231358,116.07,0
96900,-44.508159545468999,1826.61,0
97000,-41.461926347730326,1583.96,0
97100,-12.179681911797921,108.722,0
97200,-5.6461933783968812,15.0492,0
97300,-8.3976322425621621,50.478,0
97400,-33.914922250483514,1034.19,0
97500,-22.158514131647088,416.373,0
97600,-32.69173044476333,955.438,0
97700,-30.017557002304329,797.235,0
97800,-32.946968188409649,970.966,0
97900,-31.999277945806735,916.837,0
98000,-11.728228490414168,100.007,0
98100,-1.0995511920646999,16.6832,0
98200,-40.519731438792988,1496.41,0
98300,-15.238515211635395,181.446,0
98400,-24.535749110583573,517.24,0
98500,-22.352540743957309,422.937,0
98600,-17.039979297844749,238.553,0
98700,-41.594688658428339,1593.72,0
98800,-10.304480037946545,74.7424,0
98900,-25.708707413465412,572.854,0
99000,-14.050708357914566,151.156,0
99100,-3.3921934291530271,5.30279,0
99200,-19.859996968602637,328.369,0
99300,-4.2640497196128555,8.75197,0
99400,-20.706127140141646,356.962,0
99500,-19.609723616857003,316.948,0
99600,-25.026403885738826,538.755,0
99700,-27.228708704227405,650.862,0
99800,-4.799266386990789,23.0128,0
99900,-42.126037488384988,1625.07,0
100000,-33.746093071984141,1020.6,0
