Timestep,Average Reward,C Loss,M Loss
100,-5.6103452871601265,20.2591,0
200,-2.7546787012442264,2.69551,0
300,-0.16296299827824068,2.61284,0
400,-0.99103949448034512,0.756891,0
500,-2.3846665317396516,2.10323,0
600,-1.4601738623573954,0.715732,0
700,-2.7294851337575081,3.23438,0
800,-4.4856324691896416,11.3707,0
900,-3.7685241737639306,7.72488,0
1000,-2.2638949186213777,1.93936,0
1100,-2.3152758585920945,2.24947,0
1200,-1.1785734325160813,0.399599,0
1300,-1.1627421736598127,0.376001,0
1400,-1.5307928464599094,0.736243,0
1500,-4.2185529398199222,10.6162,0
1600,-4.4768054940070634,14.1355,0
1700,-2.6857022013883962,4.38106,0
1800,-1.8045668044682908,1.38954,0
1900,-1.4450987672564291,0.772639,0
2000,-4.4132414716584254,13.6402,0
2100,-3.9960641441917932,10.6205,0
2200,-7.5751523752026868,46.7872,0
2300,-3.4461029897562332,7.11307,0
2400,-1.7848859199756655,1.20374,0
2500,-3.6328496878485339,7.92257,0
2600,-2.8915348390991817,4.19935,0
2700,-1.1255333203285962,0.294543,0
2800,-4.3394712339922901,13.4894,0
2900,-1.3586870622596439,0.532624,0
3000,-4.3552746253244585,12.6759,0
3100,-9.1861363397796065,71.8515,0
3200,-5.3244477165152304,21.2834,0
3300,-3.5947424373213961,8.57432,0
3400,-0.71050058585191123,0.157761,0
3500,-1.7839238076050512,1.51001,0
3600,-1.6615798686088386,1.13221,0
3700,-1.7931772797355583,1.40986,0
3800,-0.97619143806308795,0.333222,0
3900,-4.1813645690317731,13.2412,0
4000,-0.56043939146417765,0.36026,0
4100,-6.0397723745349126,31.0823,0
4200,-2.8718868280168404,5.80706,0
4300,-5.1884325074415116,22.1782,0
4400,-4.5897778487951228,16.849,0
4500,-3.6133776904190889,9.93542,0
4600,-3.2960553211986916,7.94595,0
4700,-1.0162263301606453,0.458596,0
4800,-4.0890328094286277,13.0971,0
4900,-3.2483710603410505,7.88445,0
5000,-3.6282034720635359,10.2252,0
5100,-1.4076642097731418,1.19278,0
5200,-5.4071276697269441,23.6375,0
5300,-5.5148890061852782,25.0199,0
5400,-1.0341235336801229,1.00199,0
5500,-9.0861625542525584,75.0125,0
5600,-1.3901322025950649,1.03723,0
5700,-1.7589673939008617,2.13322,0
5800,-2.5092357043941793,4.93617,0
5900,-0.4749129380767233,0.12472,0
6000,-2.9305635590251309,7.16705,0
6100,-1.1000680867382455,0.682222,0
6200,-1.4414821973845275,1.51605,0
6300,-4.4865486409648447,17.9021,0
6400,-7.8604575622608754,59.2553,0
6500,-2.3325280191934405,4.65728,0
6600,-3.4620605193759251,10.9078,0
6700,-8.0422412099716638,61.9719,0
6800,-3.0319419761913808,8.06836,0
6900,-1.1970083941859422,1.01628,0
7000,-0.80955082770764886,0.428388,0
7100,-3.4710064233031619,10.7019,0
7200,-0.12593944248880246,0.0819371,0
7300,-2.8373819922725061,7.0184,0
7400,-2.8110426441731313,6.92506,0
7500,-2.1194004068880763,3.48968,0
7600,-2.1503926863062555,3.71876,0
7700,-6.2855232522642313,35.6765,0
7800,-2.3474372969965027,4.06098,0
7900,-5.0355541984172563,21.8744,0
8000,-1.2224771265189474,0.656238,0
8100,-2.6513534049841763,5.32351,0
8200,-5.8526620154542606,30.1282,0
8300,-6.0473479717841778,31.9035,0
8400,-4.2400699492129075,14.3526,0
8500,-4.1079237774162998,13.5739,0
8600,-4.9494492578184017,20.0301,0
8700,-5.4338125656582443,24.4295,0
8800,-5.0808380813820433,21.6501,0
8900,-3.5266896037247411,9.62448,0
9000,-7.5017308679089698,50.3897,0
9100,-1.1459327892221083,0.542221,0
9200,-2.5882780290673209,5.14741,0
9300,-0.18690458213282596,0.0518021,0
9400,-1.1746632564832813,0.782319,0
9500,-3.4221221390536987,9.73993,0
9600,-0.33495390462528901,0.344238,0
9700,-6.10975660176726,33.9322,0
9800,-4.1921036795760775,15.1328,0
9900,-6.6606705178846335,40.3337,0
10000,-5.0843942268353475,22.8586,0
10100,-2.0541834977561129,3.02354,0
10200,-3.5954577624196662,10.768,0
10300,-2.1577963615319598,3.57229,0
10400,-1.4514264720305408,1.33319,0
10500,-0.86499980406739307,0.347473,0
10600,-1.0817131997166356,0.967332,0
10700,-6.0991602453178553,34.5124,0
10800,-1.8306481522869114,2.54514,0
10900,-0.86673799854413813,0.428502,0
11000,-2.8094514251854541,6.85337,0
11100,-7.6017909461658313,54.5392,0
11200,-0.76164791828733935,0.366121,0
11300,-3.8321262676232184,12.8101,0
11400,-0.44188291016082565,0.0599487,0
11500,-1.8891440892048663,2.65216,0
11600,-2.4478026144921201,4.8925,0
11700,-0.85342911130200749,0.393745,0
11800,-2.0953922241254337,3.53829,0
11900,-4.2457092972106407,16.1535,0
12000,-0.86463370887142699,0.34471,0
12100,-0.96938070801755516,0.490366,0
12200,-1.7721940465378245,2.49678,0
12300,-5.7705144186241277,30.739,0
12400,-0.76902601848626584,0.35206,0
12500,-3.2214964420347605,9.35902,0
12600,-9.8156207170255723,92.4269,0
12700,-1.3932023973880512,1.37742,0
12800,-3.7886745959263406,12.5678,0
12900,-1.2641570759318257,1.38173,0
13000,-7.3929201992321056,51.1871,0
13100,-3.6805194412914459,11.8391,0
13200,-2.2751072975065285,3.94618,0
13300,-3.1423908865290775,8.35554,0
13400,-4.2276469361958666,15.6394,0
13500,-2.4245581140942578,4.64083,0
13600,-3.088507260280942,7.99295,0
13700,-0.71906478617081404,0.350585,0
13800,-4.5189259522758087,18.1177,0
13900,-4.448749890117992,17.5335,0
14000,-4.3998739853714826,17.246,0
14100,-1.258487728739649,1.01222,0
14200,-2.3272972896889179,4.2797,0
14300,-2.6095222931873621,5.49777,0
14400,-3.2084453883655244,8.60998,0
14500,-1.2907749937748292,1.00597,0
14600,-2.7376208894876255,6.2704,0
14700,-8.6452134165979224,69.9606,0
14800,-1.7644694524314712,2.2942,0
14900,-4.6118367156225011,18.838,0
15000,-4.8542676834370955,20.9726,0
15100,-2.9310502887070156,7.03815,0
15200,-2.659199587359705,5.68653,0
15300,-2.670450738330493,5.72585,0
15400,-3.1363053523109823,8.17423,0
15500,-6.0952620699142139,33.7975,0
15600,-1.4019992609323935,1.25199,0
15700,-1.2409019241345765,0.973414,0
15800,-3.8714592645774712,12.8577,0
15900,-6.9976241080747892,44.8064,0
16000,-4.7620017113678861,19.8368,0
16100,-2.1604338050991583,3.42038,0
16200,-1.593870096202453,1.7633,0
16300,-4.8206198348916764,20.3545,0
16400,-4.6932455265721646,19.3326,0
16500,-1.9894083960976496,2.87967,0
16600,-4.3094546610350326,15.9611,0
16700,-5.3745168383521742,25.632,0
16800,-3.7319519095893878,11.72,0
16900,-0.82026928595887061,0.268081,0
17000,-1.8922878728478856,2.4913,0
17100,-1.9381988387992002,2.60702,0
17200,-3.4186523992800244,9.59067,0
17300,-1.6536110067223233,1.76226,0
17400,-2.1370917322686562,3.28328,0
17500,-0.11710765235289297,0.0724412,0
17600,-1.4193190375448703,1.22019,0
17700,-3.1332179207567945,7.93146,0
17800,-1.1569372592103693,0.776643,0
17900,-3.8728179844014385,12.4106,0
18000,-3.9101774033589076,12.7948,0
18100,-3.0741954704937253,7.60625,0
18200,-5.5581028015031748,27.5467,0
18300,-1.0644580193832369,0.540321,0
18400,-1.766452334238968,2.05831,0
18500,-2.2865493989159882,3.79449,0
18600,-4.401407303067403,16.6283,0
18700,-0.59918497064375165,0.121041,0
18800,-2.8336787163181709,6.21911,0
18900,-4.1619799273735536,14.5856,0
19000,-0.50857224436031179,0.0213594,0
19100,-0.51688025205306087,0.195605,0
19200,-4.5693158839319246,17.8409,0
19300,-3.6308669858011409,10.7797,0
19400,-4.1663972742179434,14.5685,0
19500,-3.8715800580139592,12.3822,0
19600,-3.2414347908354317,8.40266,0
19700,-0.3374616260333223,0.236637,0
19800,-5.1186369357623134,22.6343,0
19900,-5.0593513990206853,22.1427,0
20000,-2.2694287896231136,3.6713,0
20100,-4.3335564041987613,15.972,0
20200,-0.16110656636154999,0.0783461,0
20300,-1.6221976254652473,1.54539,0
20400,-1.9360303860429757,2.40815,0
20500,-2.0492693147941243,2.86788,0
20600,-4.6029058362929183,17.95,0
20700,-4.4510821424428535,16.6676,0
20800,-3.0252263426524983,7.05537,0
20900,-3.9600874726873774,12.8954,0
21000,-3.4581593976244407,9.54748,0
21100,-1.643795827071777,1.71841,0
21200,-5.0419749450324076,21.7051,0
21300,-5.2348484276877141,23.5824,0
21400,-3.0939683757125156,7.37434,0
21500,-1.0792616229731238,0.482269,0
21600,-1.3392493845636984,0.907765,0
21700,-1.1755367901148794,0.615988,0
21800,-1.9097618892844377,2.32473,0
21900,-0.27325067695422445,0.21307,0
22000,-4.6756825918436711,18.4069,0
22100,-1.7140334911693598,1.75843,0
22200,-0.46968429404156026,0.017798,0
22300,-1.6554998407664903,1.60105,0
22400,-3.2334824220957841,7.98078,0
22500,-2.3190625978035468,3.66952,0
22600,-2.6022765523896259,4.88377,0
22700,-0.67133079332252166,0.192935,0
22800,-4.1456239115715103,14.0129,0
22900,-5.3872837728847047,24.9809,0
23000,-1.5266722288185668,1.25769,0
23100,-2.152859705603166,3.15342,0
23200,-5.861582166658728,29.8484,0
23300,-2.0449214657324912,2.70254,0
23400,-4.3303485097768935,15.4085,0
23500,-1.3430300507871187,0.860903,0
23600,-1.0266982931459472,0.367046,0
23700,-1.4560649606995986,1.11027,0
23800,-3.1327692363501733,7.39637,0
23900,-0.90553812951169055,0.283543,0
24000,-3.187819278322833,7.62859,0
24100,-2.9028692290296054,6.15904,0
24200,-1.1941116325270467,0.685362,0
24300,-4.4619698504004131,16.4153,0
24400,-0.57706227238775165,0.117983,0
24500,-3.6474642801241619,10.4001,0
24600,-1.2334247837695707,0.656546,0
24700,-2.443874790876293,4.0643,0
24800,-0.34169651743686313,0.0175735,0
24900,-1.0035390353359801,0.315139,0
25000,-0.80580413605148848,0.218706,0
25100,-3.6380739130640789,10.2206,0
25200,-4.3638961840098727,15.3875,0
25300,-3.5226272849834275,9.48642,0
25400,-4.8682688549881705,19.529,0
25500,-7.4846124711705144,49.6526,0
25600,-2.6248711287683015,4.70926,0
25700,-2.2570178173813802,3.24182,0
25800,-2.7914190413668041,5.42957,0
25900,-3.1716390649800119,7.42537,0
26000,-5.6340966814359499,26.857,0
26100,-2.5091916717819571,4.18494,0
26200,-2.862009022083436,5.76744,0
26300,-3.8185581207725261,11.2469,0
26400,-3.6225130975900846,9.96115,0
26500,-2.0066019193965299,2.36332,0
26600,-0.70659118220943196,0.155625,0
26700,-3.8761891813075007,11.6353,0
26800,-6.1772787820605046,32.6497,0
26900,-2.8882532822963598,5.9557,0
27000,-6.361560887249091,34.6499,0
27100,-2.8397540925002165,5.60542,0
27200,-1.1286433270829641,0.420774,0
27300,-1.1323456804193224,0.427703,0
27400,-1.746349768645213,1.68833,0
27500,-4.7353615806436267,18.1996,0
27600,-0.57963210403643539,0.1213,0
27700,-3.8828745826946345,11.5613,0
27800,-0.20908741713186157,0.126809,0
27900,-1.9170329754941209,1.95531,0
28000,-3.7853827316989275,10.8137,0
28100,-2.6024477737018246,4.50481,0
28200,-0.076709015060864888,0.264131,0
28300,-2.3511561350793149,3.29109,0
28400,-3.6743914361420211,10.134,0
28500,-1.3695271995481431,0.776989,0
28600,-2.9497193931881767,6.05484,0
28700,-0.60881667454069832,0.0110375,0
28800,-0.6878107381911599,0.117867,0
28900,-3.5641845918209851,9.38243,0
29000,-5.013484687541844,20.5086,0
29100,-0.49884492238668465,0.201523,0
29200,-4.9718267262311908,19.8915,0
29300,-4.9007298934918602,19.4307,0
29400,-0.76138352545507559,0.0699146,0
29500,-1.6139899655940781,1.23129,0
29600,-3.0353599010851373,6.35723,0
29700,-4.2981557863988975,14.2846,0
29800,-2.9331823166824176,5.83182,0
29900,-4.3748384618235914,14.9452,0
30000,-0.7387371390456744,0.144548,0
30100,-3.8169870384322779,10.9546,0
30200,-0.54887379246217871,0.0225057,0
30300,-2.0430171066599203,2.29144,0
30400,-2.3246795224629069,3.21821,0
30500,-1.4329639532506795,0.806328,0
30600,-1.6572111552891773,1.67469,0
30700,-7.9792965442968002,55.6652,0
30800,-2.4950395186765655,3.83589,0
30900,-1.9254352990150074,1.96598,0
31000,-4.0560178393473691,12.3525,0
31100,-4.6037987568407006,16.5782,0
31200,-1.0023365695024224,0.369522,0
31300,-5.024073188017609,20.0504,0
31400,-2.8756085620364287,5.44633,0
31500,-4.5740821043307811,16.341,0
31600,-0.19656197157050148,0.244213,0
31700,-3.0906585036668952,6.30178,0
31800,-2.5800476690525151,4.10804,0
31900,-3.6341357846806854,9.48899,0
32000,-3.1141902935506081,6.52769,0
32100,-2.6921027527740176,4.55802,0
32200,-1.8094022693021317,1.55686,0
32300,-0.89643013411295802,0.378329,0
32400,-6.0315281157550364,29.8088,0
32500,-5.8620738004870816,28.2332,0
32600,-1.2995113150738349,0.639238,0
32700,-4.5330522207235786,15.7631,0
32800,-1.8502106473827038,1.65421,0
32900,-3.4402335771649057,8.28275,0
33000,-0.7602858100278731,0.0348823,0
33100,-0.90941275549793554,0.246945,0
33200,-4.5179614575582185,15.6329,0
33300,-1.2397248220176558,0.470528,0
33400,-3.1792244752671013,6.73224,0
33500,-2.6714248625420258,4.36498,0
33600,-1.0301577267987441,0.197565,0
33700,-1.2397223731442579,0.439842,0
33800,-0.20506127410981101,0.207018,0
33900,-0.61374378105509919,0.0257137,0
34000,-0.67277413608413239,0.133555,0
34100,-4.0696285060788639,12.061,0
34200,-3.7287757709518208,9.86031,0
34300,-2.586923732624562,3.98409,0
34400,-1.9905533650551819,2.22349,0
34500,-7.1635303320555614,43.3931,0
34600,-1.5425804536654963,1.0147,0
34700,-5.035517637491318,19.7322,0
34800,-2.3491208011242586,3.07824,0
34900,-0.60033801003082132,0.0650018,0
35000,-3.1230953254038947,6.34592,0
35100,-3.9022233534361432,10.9051,0
35200,-1.2684480092216037,0.442315,0
35300,-0.61554669684125041,0.145034,0
35400,-4.3557273640018792,14.1892,0
35500,-0.31039389276459989,0.128197,0
35600,-0.68951196853880947,0.0762999,0
35700,-3.2781104941713943,7.07668,0
35800,-3.8358870397249403,10.401,0
35900,-1.6099438167516262,0.985646,0
36000,-1.1857548065806989,0.316175,0
36100,-1.0925393776782415,0.562948,0
36200,-6.8242161721483505,38.7446,0
36300,-1.3934237625454466,0.718223,0
36400,-4.8909466881140764,18.2101,0
36500,-5.6164075528317721,24.9247,0
36600,-2.8313912191250989,4.79394,0
36700,-4.2828142178334607,13.3001,0
36800,-4.5846227664295895,15.6162,0
36900,-5.9303211027609226,28.2627,0
37000,-0.92372305830403922,0.147327,0
37100,-3.4318447228068099,7.82618,0
37200,-1.8810792218260888,1.5779,0
37300,-3.9750252750690014,11.1687,0
37400,-1.4771810309446831,0.697824,0
37500,-2.4475017842299862,3.24624,0
37600,-1.8403028569772157,1.41868,0
37700,-2.483384099795944,3.35803,0
37800,-2.935351799311873,5.25062,0
37900,-1.0073069729777508,0.134928,0
38000,-2.0734502320034043,2.70646,0
38100,-10.291878065879287,93.4382,0
38200,-2.327606535763096,2.97965,0
38300,-6.7032153326606165,36.6021,0
38400,-2.0249528431888133,1.84787,0
38500,-2.0762282957273213,1.99698,0
38600,-1.0084323866803,0.206245,0
38700,-3.9433787747059244,10.7844,0
38800,-1.3311103912507489,0.618306,0
38900,-5.5216562243901102,23.5863,0
39000,-2.8738104531109174,4.84812,0
39100,-4.3602209357601049,13.6792,0
39200,-1.0390318243827779,0.134794,0
39300,-1.6678885272669319,1.01742,0
39400,-3.5750989152491908,8.45114,0
39500,-0.80952303359255984,0.0218422,0
39600,-0.10248536112968699,0.461019,0
39700,-2.415862427539297,2.93252,0
39800,-0.9485630671867411,0.144025,0
39900,-3.6311625179259472,8.67676,0
40000,-4.1141209435421473,11.7247,0
40100,-3.2837358874286395,6.74476,0
40200,-4.7144185635624645,16.2302,0
40300,-2.0018416895601261,1.73889,0
40400,-0.47549191749183417,0.379773,0
40500,-6.0823042887060401,28.917,0
40600,-7.1535649864746311,41.7813,0
40700,-3.7529399402642571,9.34992,0
40800,-1.7014859096929009,1.12258,0
40900,-5.207287953481746,20.3285,0
41000,-3.0909822508207809,5.71195,0
41100,-4.4751885538552001,14.248,0
41200,-1.5481680124865411,0.718116,0
41300,-2.7692461004213906,4.33848,0
41400,-6.0207179157991106,28.3021,0
41500,-2.1383070307578307,2.02876,0
41600,-2.699717179939495,3.93355,0
41700,-1.8770121468860574,1.47334,0
41800,-5.5307439142055133,23.1374,0
41900,-7.3899852929138037,44.6107,0
42000,-2.7677286757667945,4.21672,0
42100,-0.74399304370236952,0.116,0
42200,-4.1074554609048555,11.4383,0
42300,-2.5279503711918609,3.22883,0
42400,-3.2219106240964264,6.2498,0
42500,-1.060514333587453,0.180031,0
42600,-3.7121325185342955,8.88928,0
42700,-2.4928452791147624,3.12427,0
42800,-0.49594511822394055,0.0758247,0
42900,-0.55017013792816649,0.490479,0
43000,-7.0401576756977997,39.5362,0
43100,-2.9508939904127076,4.91493,0
43200,-4.4775946851048207,14.0677,0
43300,-1.2847464202334589,0.297971,0
43400,-1.9046994201100673,1.39257,0
43500,-4.0297880569485773,10.8504,0
43600,-6.7133116571486697,35.7464,0
43700,-2.5991088200737034,3.39204,0
43800,-3.1422593302160133,5.70342,0
43900,-2.7019127020516254,3.84502,0
44000,-5.0179801895240495,18.3559,0
44100,-0.35734748629723934,0.216992,0
44200,-2.1188829873272201,1.80763,0
44300,-5.0320280594794511,18.2243,0
44400,-4.2321701140240755,12.163,0
44500,-0.69362779541084152,0.00782813,0
44600,-1.0169894102713619,0.0890771,0
44700,-2.6379576269989986,3.50659,0
44800,-2.893717902446534,4.57736,0
44900,-5.2675685628815128,20.2683,0
45000,-3.2674538425616482,6.24135,0
45100,-4.3237900827907181,12.677,0
45200,-1.8846217718333067,1.44028,0
45300,-6.5144446653892008,32.919,0
45400,-4.655911543086896,15.0336,0
45500,-3.2112714083112941,5.921,0
45600,-4.4933246387900114,13.8385,0
45700,-1.9384793836442684,1.40629,0
45800,-4.9928512232116198,17.6675,0
45900,-3.5299756946218839,7.56519,0
46000,-1.3520135896297751,0.73293,0
46100,-7.7357002745494299,48.2896,0
46200,-3.7017673790829768,8.51144,0
46300,-1.2786383510333601,0.316823,0
46400,-4.1097501279958024,11.0815,0
46500,-0.9787995776721844,0.045429,0
46600,-2.1087300581518753,1.75118,0
46700,-4.0009383272986101,10.2548,0
46800,-1.9769419434275226,1.37258,0
46900,-2.0880143737305246,1.75671,0
47000,-5.3841661621752293,21.0544,0
47100,-2.1499744717778939,1.79788,0
47200,-2.9054596557284174,4.45643,0
47300,-5.5999165109791313,22.9103,0
47400,-7.0263467687903507,38.6003,0
47500,-4.8513441089024276,16.3981,0
47600,-1.080770972837356,0.199494,0
47700,-4.6434765344136428,14.6957,0
47800,-1.9030592232343753,1.22994,0
47900,-4.645590843682613,14.5923,0
48000,-3.6627424058929852,8.09306,0
48100,-1.2805268840834854,0.204365,0
48200,-1.8556755401578915,1.10073,0
48300,-4.0545609270468388,10.5049,0
48400,-0.52757725363746721,0.13789,0
48500,-1.5454963414867193,0.613725,0
48600,-5.1578538906269911,18.7246,0
48700,-7.558144730734532,45.2576,0
48800,-4.8012891050216409,15.9104,0
48900,-0.265784499391166,0.466784,0
49000,-1.6843879381232318,0.653499,0
49100,-0.53141738241819003,0.387117,0
49200,-5.6837847402866206,23.2977,0
49300,-1.2323914667977254,0.283035,0
49400,-4.8678033769874496,16.2223,0
49500,-6.2682278612217646,29.5099,0
49600,-2.9160012899058416,4.26908,0
49700,-2.2192796569389999,1.88582,0
49800,-0.92119839107754986,0.0206862,0
49900,-2.1632119571607826,1.71433,0
50000,-1.7801569608386381,0.862389,0
50100,-0.90443046065301202,0.00650328,0
50200,-1.549014277515006,0.483812,0
50300,-2.0589921097298052,1.45512,0
50400,-0.9410684285480343,0.107197,0
50500,-4.0662561746586121,10.3552,0
50600,-1.5358067370386126,0.541197,0
50700,-4.4543030631498599,12.9039,0
50800,-3.1860677572356089,5.39554,0
50900,-4.5697037753541592,13.6847,0
51000,-6.4237174780894062,30.872,0
51100,-4.1894545204152109,11.0217,0
51200,-5.6752290386477293,23.0812,0
51300,-3.987351364322345,9.66799,0
51400,-3.0871784482454476,4.89205,0
51500,-1.8163847902686641,0.90396,0
51600,-3.5473279887219884,7.15759,0
51700,-1.1284296076778209,0.0657162,0
51800,-0.41168702821337066,0.368591,0
51900,-3.303966272430074,5.61703,0
52000,-4.0792927750605648,10.2574,0
52100,-1.3019194715139653,0.261673,0
52200,-4.2434094991306708,11.3517,0
52300,-0.92080108120357751,0.000861062,0
52400,-1.0243606433960477,0.428413,0
52500,-7.3641415665447676,41.9787,0
52600,-4.0633868305110941,10.0743,0
52700,-1.6388911936652297,0.586784,0
52800,-3.4653836279664261,6.6147,0
52900,-1.9294836893299641,1.06195,0
53000,-1.28324916271803,0.150052,0
53100,-0.66470552339973255,0.117823,0
53200,-2.7570071135409524,3.43371,0
53300,-4.3685063323807469,12.1257,0
53400,-0.43349368470335586,0.315417,0
53500,-1.8138967149561784,0.880999,0
53600,-5.4139098403247283,20.3033,0
53700,-6.6086241930792653,32.7871,0
53800,-0.98384541135000403,0.00524392,0
53900,-1.112914354468709,0.0480931,0
54000,-0.28481636555633272,0.65376,0
54100,-3.5917262147405387,6.80277,0
54200,-4.721857108402455,14.4864,0
54300,-4.4695755394184626,12.6222,0
54400,-2.9262392929933223,4.11053,0
54500,-5.7095463186664936,23.0011,0
54600,-2.599982659754112,2.82799,0
54700,-1.264220428393064,0.11597,0
54800,-1.1443353904840459,0.0493147,0
54900,-0.87774616183652443,0.1528,0
55000,-4.6704790535659857,14.0826,0
55100,-1.6120501802803844,0.467092,0
55200,-0.97896910308141538,0.0187867,0
55300,-2.2784929610579412,1.91558,0
55400,-5.4212926414373541,20.1347,0
55500,-4.9962292044295395,16.5698,0
55600,-1.7456534309548883,0.678682,0
55700,-0.19010026112993927,0.876195,0
55800,-3.5530104416921717,6.28312,0
55900,-2.3742798375968941,2.06628,0
56000,-1.3374599358995329,0.158154,0
56100,-1.7102622846493711,0.585902,0
56200,-1.8366089368814371,0.794872,0
56300,-2.1008015742988797,1.3438,0
56400,-3.2866427998519963,5.46746,0
56500,-2.4445861941798124,2.2389,0
56600,-3.5906598229532114,6.94833,0
56700,-4.2312420678257361,10.7623,0
56800,-2.2264601340639101,1.60832,0
56900,-2.7030582733904542,3.198,0
57000,-6.6431638947793159,32.2972,0
57100,-4.6259433344694614,13.8015,0
57200,-10.792644607634633,97.3738,0
57300,-1.4081801919718331,0.320937,0
57400,-4.9540608077309951,15.8904,0
57500,-5.2688429502995682,18.4792,0
57600,-6.3246308245195273,28.6532,0
57700,-7.8169025770833596,47.0405,0
57800,-2.8419972955760331,3.48604,0
57900,-1.6928834272931892,0.734106,0
58000,-6.3816743707688799,29.3256,0
58100,-2.667175349019645,2.88518,0
58200,-0.50825111311368276,0.325539,0
58300,-2.6500725988773142,2.71515,0
58400,-4.453648697442774,12.2111,0
58500,-0.23480506700881404,0.759895,0
58600,-2.5612746876458932,2.37302,0
58700,-6.6067522537376373,31.6908,0
58800,-2.6486330245392269,2.76314,0
58900,-3.72563604892559,7.52023,0
59000,-1.4941110548445062,0.260194,0
59100,-2.4154233411936725,2.01555,0
59200,-1.8199927109226912,0.715993,0
59300,-3.7478792954744597,7.55211,0
59400,-3.6079934612632725,6.81016,0
59500,-4.8672037107717614,14.9419,0
59600,-3.944478224237967,8.65525,0
59700,-5.4399237674484642,19.6924,0
59800,-7.5424728748690759,42.9034,0
59900,-3.0162252467177,4.21234,0
60000,-7.3173845198672405,39.9342,0
60100,-3.1290880993583543,4.47,0
60200,-2.4603867600936749,2.10044,0
60300,-1.1091465685231736,0.760873,0
60400,-9.6879318503903917,75.5002,0
60500,-3.7552738687840073,7.61185,0
60600,-7.4003259825333059,40.7103,0
60700,-5.1121145242126236,16.8993,0
60800,-0.71939525624299161,0.121772,0
60900,-0.96467511418590046,0.186943,0
61000,-4.8289489494143325,14.126,0
61100,-4.0420183548489055,9.12247,0
61200,-2.0105779224651164,1.0286,0
61300,-4.612268601183203,13.0702,0
61400,-9.4750670130911026,71.9286,0
61500,-0.76584645471256241,0.125505,0
61600,-2.280607689821216,1.54218,0
61700,-0.76472072858397377,0.106158,0
61800,-1.1971786036460181,0.227967,0
61900,-5.6641730159861128,21.496,0
62000,-2.1289089145377527,1.20188,0
62100,-0.7831814229807641,0.114102,0
62200,-2.2589443877436812,1.45887,0
62300,-2.0968334109775482,1.12951,0
62400,-0.70106216235030838,0.331702,0
62500,-4.8052408653674243,14.0744,0
62600,-2.7477761194375359,2.89967,0
62700,-3.6818803732594274,6.97349,0
62800,-1.5575354603553047,0.259906,0
62900,-2.0265614266123215,0.950377,0
63000,-2.2325274823135595,1.39009,0
63100,-2.0472969490620319,0.983543,0
63200,-1.5923833300937722,0.302908,0
63300,-0.3341505901991802,0.766691,0
63400,-2.7266421686108515,2.66599,0
63500,-3.4297363265642336,5.69662,0
63600,-0.55868044076816137,0.338059,0
63700,-1.4242242682924842,0.16891,0
63800,-4.0773563118037499,9.18821,0
63900,-7.7561844447822388,44.9791,0
64000,-3.0181004690685724,3.85618,0
64100,-0.72268384006767805,0.378334,0
64200,-5.5233777549448639,19.8212,0
64300,-0.19584303652143109,1.27069,0
64400,-4.6756791280278218,12.0136,0
64500,-2.4491381078151222,1.90126,0
64600,-1.2007314507494591,0.153699,0
64700,-4.8695990830950286,14.4187,0
64800,-3.9410250820247525,8.22225,0
64900,-2.6003561608313102,2.3678,0
65000,-0.39672284515037681,0.651654,0
65100,-2.7351654480429879,2.6439,0
65200,-5.9916493791904326,24.1794,0
65300,-3.7544726876298493,7.19016,0
65400,-1.631664618829529,0.3036,0
65500,-1.2788231978678959,0.111219,0
65600,-3.9553774244911946,8.24207,0
65700,-3.2352221966289618,4.64836,0
65800,-5.3271242267233481,18.066,0
65900,-1.998756766330855,0.828596,0
66000,-1.2739235612711339,0.066789,0
66100,-3.1257193106079133,4.19994,0
66200,-5.7483033421748679,21.6464,0
66300,-4.9690934149082002,15.0611,0
66400,-2.25139778318372,1.41404,0
66500,-5.3258074171129612,17.8991,0
66600,-7.7414098508816149,44.476,0
66700,-1.2637670811906552,0.0585559,0
66800,-3.0813232801903037,3.89326,0
66900,-2.5316496628393375,2.03757,0
67000,-1.3178418004993602,0.0488054,0
67100,-0.5816390079838436,0.346359,0
67200,-1.4437004177559052,0.0939737,0
67300,-0.39578711837644609,0.783991,0
67400,-3.6788334071160556,6.20842,0
67500,-5.8936204726523265,22.9392,0
67600,-3.2285390227897524,4.46486,0
67700,-3.4090843326126459,5.24574,0
67800,-3.3172741707566411,4.9003,0
67900,-0.64953683226624848,0.30695,0
68000,-0.89912647055085193,0.221094,0
68100,-1.4056552696524109,0.112265,0
68200,-3.2931668352828329,4.64104,0
68300,-3.3333357931100642,4.91185,0
68400,-1.5775514922132878,0.211099,0
68500,-2.1985445014548812,1.16222,0
68600,-0.88187977631169356,0.100837,0
68700,-2.2215890150607978,1.18945,0
68800,-1.3460896679503782,0.14339,0
68900,-4.4143369853524463,10.7882,0
69000,-3.9024877894253591,7.74002,0
69100,-1.3704937899764156,0.0561703,0
69200,-1.3931602891663286,0.253129,0
69300,-5.6364035093621476,20.3807,0
69400,-1.9500025277415787,0.675243,0
69500,-0.75690990517184076,0.294507,0
69600,-3.7235397848535388,6.67891,0
69700,-1.1283997292440722,0.0932687,0
69800,-4.1510787401640661,9.05295,0
69900,-4.4246695080789022,10.7537,0
70000,-4.1578678457158205,9.15392,0
70100,-1.4080152592250397,0.10625,0
70200,-3.3491406183974362,4.83088,0
70300,-3.686750899703243,6.44415,0
70400,-2.4601817640435506,1.76603,0
70500,-5.0549640061982686,15.2124,0
70600,-4.0061346410445182,8.26463,0
70700,-0.19600325953294756,1.26327,0
70800,-1.736348337439988,0.221802,0
70900,-1.0476807867810236,0.0486724,0
71000,-0.88518847278436796,0.241897,0
71100,-3.800157066384946,6.68012,0
71200,-3.7342122868284355,6.71768,0
71300,-0.59087258082897121,0.483678,0
71400,-3.457398699236788,5.1262,0
71500,-1.5376426152861082,0.144442,0
71600,-0.92217774829770915,0.073462,0
71700,-0.60461799009530326,0.622846,0
71800,-2.008793884593028,0.629202,0
71900,-2.5747239427193191,1.98939,0
72000,-2.8990531766764973,3.02497,0
72100,-1.3654366167325509,0.0938804,0
72200,-3.651930156653961,6.22068,0
72300,-1.0784077390614422,0.0125147,0
72400,-1.5498534678279063,0.256886,0
72500,-4.9625070296535236,14.3488,0
72600,-6.5640396352904586,29.1535,0
72700,-3.1097558063738004,3.74399,0
72800,-4.1414213305501306,8.85736,0
72900,-1.3901720112384806,0.148518,0
73000,-4.5560702109916287,11.5863,0
73100,-0.14301887972101573,1.50026,0
73200,-1.3141190648410583,0.530889,0
73300,-7.0594303558916467,33.1654,0
73400,-1.2857002019044725,0.0651465,0
73500,-3.6513742623468857,6.10765,0
73600,-5.2139776455605613,16.29,0
73700,-2.351993122463782,1.45941,0
73800,-5.5838468997084627,19.4251,0
73900,-2.1725586228572329,0.958243,0
74000,-2.217717545908628,1.04319,0
74100,-1.7497061091173438,0.425383,0
74200,-5.1641712755506886,15.7513,0
74300,-3.7227527542650449,6.43775,0
74400,-0.92715748510675966,0.106023,0
74500,-2.2222447716202751,1.01091,0
74600,-2.6180082020334789,2.033,0
74700,-4.5001644802252443,10.893,0
74800,-2.3257959282972518,1.30051,0
74900,-0.11661439643018635,1.61582,0
75000,-2.7966609934188282,2.44815,0
75100,-7.4986366685174666,39.719,0
75200,-2.3080814663314202,1.22865,0
75300,-0.70648358242622289,0.330354,0
75400,-2.1415619452417745,0.786752,0
75500,-1.6650372301110778,0.253193,0
75600,-3.8376453707591311,6.9412,0
75700,-1.2137778967563808,0.0328856,0
75800,-3.0354922874344004,3.29926,0
75900,-2.677311324917945,2.42032,0
76000,-8.0319961030136309,46.7695,0
76100,-1.7613898660102358,0.313665,0
76200,-0.23369870023802286,1.3312,0
76300,-2.0377734331162998,0.538657,0
76400,-1.1626663036947555,0.14479,0
76500,-4.7527005774990183,12.3792,0
76600,-4.8781832320008007,13.3305,0
76700,-4.6921060637739416,11.9797,0
76800,-4.6699969646943496,11.8882,0
76900,-1.8454694839567849,0.382253,0
77000,-2.6796285996515006,2.09991,0
77100,-1.530291799469836,0.0875925,0
77200,-1.2495864968045669,0.100553,0
77300,-4.381719560062967,9.91508,0
77400,-2.619679954925938,1.9357,0
77500,-0.87036214311886584,0.434097,0
77600,-5.6763355612513839,19.3673,0
77700,-4.7598115394249358,12.3616,0
77800,-4.6202570901973026,11.3835,0
77900,-5.0192570784380743,14.3995,0
78000,-0.91462652921326093,0.270398,0
78100,-4.4019942554855724,9.86295,0
78200,-1.4905799645230815,0.220075,0
78300,-5.4892752469930794,17.9597,0
78400,-4.5806224885481859,11.0759,0
78500,-3.2747057858454682,4.11898,0
78600,-1.1689387750710107,0.0106125,0
78700,-1.1087088253730732,0.126472,0
78800,-4.1779207722539731,8.51253,0
78900,-1.5878767336996591,0.373674,0
79000,-6.6646289196458754,29.5151,0
79100,-1.0005975682008077,0.0969695,0
79200,-1.4918245689944514,0.0435887,0
79300,-1.7710128785529551,0.256766,0
79400,-2.2674588985918076,1.03795,0
79500,-0.44787606048542339,1.09843,0
79600,-3.1451312023555773,3.25178,0
79700,-2.3812291536242922,1.23451,0
79800,-2.2822299060398068,1.05355,0
79900,-4.0025036919989274,7.47899,0
80000,-2.1883374303151886,0.845382,0
80100,-1.0643678809789536,0.0645122,0
80200,-0.29889915724683919,1.63286,0
80300,-3.827066852047242,5.53647,0
80400,-2.2357302679499047,0.851704,0
80500,-1.6888217288752148,0.182192,0
80600,-2.7471003805162035,2.15673,0
80700,-2.6444433007451118,1.86744,0
80800,-1.6774123601642799,0.170405,0
80900,-2.8305714114067668,2.43586,0
81000,-0.8254293482072812,0.412262,0
81100,-4.4070594036306296,9.45281,0
81200,-1.1970119017088259,0.076873,0
81300,-3.7667325248836949,6.26108,0
81400,-0.31087550428776323,1.34148,0
81500,-1.8728078574603884,0.287029,0
81600,-0.74745388444941074,0.525778,0
81700,-2.8546221556531246,2.14821,0
81800,-3.4522163060590088,4.69689,0
81900,-1.452268042908587,0.0270419,0
82000,-1.7293041537899299,0.451056,0
82100,-6.7460959690669542,29.8652,0
82200,-2.9912265901864443,2.88785,0
82300,-4.3392901546782818,9.238,0
82400,-3.6783886360840712,5.65683,0
82500,-3.7829718765520419,6.16352,0
82600,-4.5955881873806197,11.0402,0
82700,-0.098165909027473713,1.9164,0
82800,-1.902715148011324,0.270188,0
82900,-1.3206135237852508,0.0498633,0
83000,-2.2539943814055898,0.855807,0
83100,-0.88101408352698873,0.420695,0
83200,-5.0306533582152495,13.8218,0
83300,-1.4183745383334978,0.179866,0
83400,-5.4601203245340066,17.3127,0
83500,-2.8894965272081525,2.48988,0
83600,-2.7285955947065998,2.03454,0
83700,-0.9861590803949305,0.226142,0
83800,-3.8523622138666593,6.26239,0
83900,-2.4536649555952197,1.35134,0
84000,-4.8230563640653825,12.2829,0
84100,-4.9975870951955246,13.6758,0
84200,-1.0656892862560452,0.161457,0
84300,-3.6901911998437571,5.61244,0
84400,-2.1542393086561775,0.692805,0
84500,-2.6608972062206147,1.80499,0
84600,-1.1429562510950422,0.0590323,0
84700,-2.4312564988691103,1.18646,0
84800,-1.8096424586685902,0.244722,0
84900,-2.9426480567234012,2.65411,0
85000,-0.68003222059948953,0.601972,0
85100,-2.9138267783596099,2.24306,0
85200,-4.7096815296847776,11.5316,0
85300,-1.0357141458627661,0.162968,0
85400,-3.2520112129996153,3.67162,0
85500,-0.54176623357882814,0.80778,0
85600,-2.3449676109282946,0.902452,0
85700,-2.1120005526966961,0.601623,0
85800,-1.5897728609398789,0.0644095,0
85900,-1.2805583194781156,0.0771386,0
86000,-4.0046648608799531,7.08557,0
86100,-4.1334584720315153,7.79354,0
86200,-3.5423438953037634,4.84741,0
86300,-5.0930919585280963,14.0794,0
86400,-7.3278082703157086,35.8949,0
86500,-3.4099370932234465,4.24581,0
86600,-4.2629358895909624,8.55263,0
86700,-7.2103109018987679,34.6097,0
86800,-1.5325476312320709,0.106132,0
86900,-4.2299341138100637,8.30639,0
87000,-1.5102099000207565,0.0236335,0
87100,-1.3169885011527669,0.111665,0
87200,-4.6141140580858027,10.6381,0
87300,-7.3071059201573236,35.3488,0
87400,-5.6216373206305006,18.3608,0
87500,-0.77005074283689945,0.49797,0
87600,-3.5069849641126001,4.33817,0
87700,-1.0197000188589687,0.372627,0
87800,-5.5073971488445022,17.1256,0
87900,-0.93898306623187044,0.263511,0
88000,-2.3202595227115896,0.837004,0
88100,-2.3701180114113796,1.07839,0
88200,-5.1021464106138152,14.0738,0
88300,-1.0752520850398652,0.129959,0
88400,-2.4035905728545832,1.01408,0
88500,-2.5557845564582586,1.40224,0
88600,-1.5773417421347344,0.171302,0
88700,-5.1437937807136018,14.3005,0
88800,-1.7437638976303278,0.22662,0
88900,-4.8055242108162934,11.7485,0
89000,-6.3545546027259103,24.7254,0
89100,-4.6649559711172914,10.7644,0
89200,-3.4058038366581203,4.09249,0
89300,-4.952047645588582,12.6851,0
89400,-4.6274656064479212,10.6198,0
89500,-0.72067165768824015,0.649986,0
89600,-3.2807853092216619,3.30434,0
89700,-0.22272002378478323,1.74186,0
89800,-3.9492845268927863,5.73702,0
89900,-5.0499833987775649,13.2735,0
90000,-4.5276704831736589,9.91642,0
90100,-1.078497310712452,0.187083,0
90200,-3.1834104481722898,3.0895,0
90300,-2.7927233507957414,1.98399,0
90400,-4.907082190859537,12.401,0
90500,-1.3789559668505811,0.131947,0
90600,-4.9291547352514602,12.5463,0
90700,-1.1703645568352643,0.0723813,0
90800,-0.76904150754732625,0.821265,0
90900,-6.1751097740820056,21.6255,0
91000,-1.0456994134119701,0.250998,0
91100,-3.6694019967876601,5.06519,0
91200,-1.9642221389961529,0.31068,0
91300,-2.3122401017859961,0.815856,0
91400,-2.5904900802882525,1.39127,0
91500,-2.303390003889747,0.801924,0
91600,-1.3018916289510754,0.166767,0
91700,-5.2106170947283479,14.3863,0
91800,-4.793116345782205,11.3926,0
91900,-4.8631686614889187,11.8747,0
92000,-6.1974798143954555,23.055,0
92100,-1.1611456736386843,0.105536,0
92200,-2.3142622446094991,0.800934,0
92300,-4.0706197535261248,6.99629,0
92400,-4.3913939537982802,8.92872,0
92500,-0.5398774084248662,1.20549,0
92600,-3.9235994700640857,5.73715,0
92700,-0.39999249750053251,1.75973,0
92800,-5.7469349300122419,17.7056,0
92900,-1.5267514034092244,0.123131,0
93000,-4.848675915638875,11.8242,0
93100,-1.1102729442078862,0.133784,0
93200,-0.60095286400381542,1.30044,0
93300,-0.17108255015010296,3.67348,0
93400,-2.659002885351613,1.26932,0
93500,-0.62432176156439967,2.23383,0
93600,-6.3290865800075657,21.2525,0
93700,-4.1921933228766024,6.54956,0
93800,-1.6168004308432138,0.0656065,0
93900,-3.0214930602774808,2.52746,0
94000,-6.6376231091724263,27.1834,0
94100,-3.5116558216889349,4.36229,0
94200,-0.87294631459457894,0.987372,0
94300,-7.985594596410091,42.4255,0
94400,-1.0760763557165114,0.527691,0
94500,-6.7592040469582422,28.0856,0
94600,-2.7359932215999367,1.74344,0
94700,-0.32911830382137502,1.66624,0
94800,-0.7032728280071161,1.4224,0
94900,-1.7948439742148274,0.449037,0
95000,-2.1729378653032567,0.451909,0
95100,-2.8725035193284718,1.89377,0
95200,-2.6827314644247879,1.54677,0
95300,-3.4088946767726016,3.91969,0
95400,-1.1796337937226331,0.229096,0
95500,-4.5757887841763525,9.78604,0
95600,-1.5383665119245995,0.183483,0
95700,-5.688508390398229,17.9892,0
95800,-5.0787276897360547,13.1768,0
95900,-5.890240775653087,19.7477,0
96000,-4.1453954263656536,7.26956,0
96100,-2.6605324369628711,1.46614,0
96200,-3.88829666108448,5.92733,0
96300,-5.4456966417610468,16.0071,0
96400,-2.1768155779733451,0.669078,0
96500,-6.0604234411116984,21.2381,0
96600,-3.0684000985622073,2.64851,0
96700,-5.7795396395455869,18.7463,0
96800,-1.9939347298984884,0.470728,0
96900,-6.3388635872357826,23.8043,0
97000,-3.2504378798929685,3.18133,0
97100,-1.8040410196121601,0.111221,0
97200,-2.228253804766541,0.972851,0
97300,-8.498739918944608,49.4891,0
97400,-3.7829717552731421,5.32105,0
97500,-4.975240933558239,12.2201,0
97600,-6.0633722850516509,21.1788,0
97700,-1.6235378494389274,0.019912,0
97800,-1.5188735690787627,0.0954275,0
97900,-4.5729887877629967,9.53987,0
98000,-4.7240761627746419,10.5851,0
98100,-1.4166428045588861,0.013057,0
98200,-2.1932545871184441,0.631292,0
98300,-5.8434655518790874,18.9662,0
98400,-4.2216799200097332,7.56218,0
98500,-0.67577813228611783,1.03229,0
98600,-4.0257441000664853,5.87852,0
98700,-0.93346253657603018,0.493365,0
98800,-3.7685454797916993,5.02253,0
98900,-1.3065327581781261,0.149687,0
99000,-4.4179224339946668,8.60624,0
99100,-1.2329550505991502,0.10518,0
99200,-2.2641865687127516,0.568515,0
99300,-3.4771294329783871,3.9661,0
99400,-1.204110956861915,0.223342,0
99500,-4.6336751541252932,9.75261,0
99600,-4.2697035463471504,7.65516,0
99700,-3.8602650342910105,5.59937,0
99800,-1.4284760510715031,0.0086389,0
99900,-1.6486072790090136,0.203539,0
100000,-5.9171028752133736,19.4392,0
