Timestep,Average Reward,C Loss,M Loss
100,-0.023112564184731527,0.652542,0
200,-0.012665669055613013,0.331261,0
300,-0.010957706646926866,0.241378,0
400,-0.026038434400396996,0.229921,0
500,-0.023869427104474462,0.178806,0
600,-0.0093513466562391949,0.134249,0
700,-0.019333748189658214,0.275955,0
800,-0.014271150658589646,0.11551,0
900,-0.026029026960048048,0.110241,0
1000,-0.0088976741667903727,0.0417425,0
1100,-0.018747117573454822,0.0697549,0
1200,-0.0035289636871991864,0.0414161,0
1300,-0.012005261012534827,0.021898,0
1400,-0.04141080190939702,0.13789,0
1500,-0.0059202735226901101,0.0142822,0
1600,-0.02696629178408012,0.0549543,0
1700,-0.0060160492406904431,0.0233123,0
1800,-0.015511578427994751,0.00836788,0
1900,-0.0046240756609795238,0.0158833,0
2000,-0.0059363965664498107,0.00310021,0
2100,-0.021155212590232685,0.0133913,0
2200,-0.027172977457029613,0.00316678,0
2300,-0.016207187001531276,0.00174875,0
2400,-0.019239892305072483,0.0319645,0
2500,-0.0067917015559827362,0.0128054,0
2600,-0.0058315906861144129,0.0013404,0
2700,-0.011238968079174884,0.0019802,0
2800,-0.0032945231114647946,0.00748632,0
2900,-0.0025448724527941027,0.00150701,0
3000,-0.018935578626805796,0.00236909,0
3100,-0.020043102655564683,0.0338219,0
3200,-0.013677470330165172,0.00372586,0
3300,-0.010631916521367604,0.00059076,0
3400,-0.022701102325315508,0.000866852,0
3500,-0.029720664403311781,0.00047634,0
3600,-0.032929555755197855,0.00140604,0
3700,-0.02179736467471946,0.00223101,0
3800,-0.012753351898517017,0.000439888,0
3900,-0.036620737662243746,0.00121533,0
4000,-0.005086503163867496,0.0147914,0
4100,-0.0086867719175225538,0.00244336,0
4200,-0.0019815227864358942,0.00291118,0
4300,-0.021697029455629326,0.00359859,0
4400,-0.0018486062474351,0.00171685,0
4500,-0.0080504233035239448,0.000384982,0
4600,-0.027598160919476269,0.000843637,0
4700,-0.028758892091439336,0.00132005,0
4800,-0.04989186440074582,0.00140483,0
4900,-0.00049942705983626776,0.000549246,0
5000,-0.0040744295801952799,0.000349438,0
5100,-0.026246834917822773,0.00070378,0
5200,-0.019809681013861258,0.00051588,0
5300,-0.035314295156706817,0.000915316,0
5400,-0.0082659494998762843,0.000656045,0
5500,-0.008502838980187423,0.000491258,0
5600,-0.0025113559395693571,0.000305072,0
5700,-0.0021579453936351706,0.000195747,0
5800,-0.016051520803829558,0.0049466,0
5900,-0.013292854514685188,0.00239229,0
6000,-0.021474236353525335,0.0149198,0
6100,-0.012113383229648902,0.00667975,0
6200,-0.028483814820109168,0.0011096,0
6300,-0.031077895739668508,0.00129914,0
6400,-0.001543167307292574,0.000196766,0
6500,-0.003640985349434423,0.000258257,0
6600,-0.0042281847647797277,0.0009996,0
6700,-0.021766767205257574,0.000963147,0
6800,-0.0033445369019192632,0.000840451,0
6900,-0.0093926978127822011,0.000351938,0
7000,-0.0046262350776530717,0.000250929,0
7100,-0.013938036960281029,0.00203679,0
7200,-0.016162053692672641,0.00199933,0
7300,-0.0068142866534743893,0.000634579,0
7400,-0.025462927488797315,0.000752874,0
7500,-0.028020015053772315,0.00163072,0
7600,-0.0018695938543557221,0.000801454,0
7700,-0.031350967396352507,0.00312026,0
7800,-0.0065213966741535763,0.00273411,0
7900,-0.022170822536524738,0.00334951,0
8000,-0.033907556889416518,0.00101111,0
8100,-0.023226369383219737,0.00113484,0
8200,-0.018912975142080762,0.00141988,0
8300,-0.015874576885064991,0.0011603,0
8400,-0.010895641897283023,0.000733517,0
8500,-0.0054597785280354558,0.00117855,0
8600,-0.013699768510774656,0.00134424,0
8700,-0.020154112285561233,0.00151643,0
8800,-0.0082810447660614656,0.00170676,0
8900,-0.022192268649113219,0.00233219,0
9000,-0.0090148507364109405,0.00172439,0
9100,-0.020992620297910408,0.00157488,0
9200,-0.0050020926630064124,0.00135249,0
9300,-0.0058967530788531777,0.000515356,0
9400,-0.023546214318600697,0.00104055,0
9500,-0.021278012208159738,0.00309617,0
9600,-0.01327690594795883,0.00245821,0
9700,-0.0025811416437714839,0.000355176,0
9800,-0.0091060726813568058,0.000642285,0
9900,-0.013895139113502071,0.000811241,0
10000,-0.012386887099951956,0.000351425,0
10100,-0.014689264936619428,0.0014305,0
10200,-0.021786807935852893,0.000479168,0
10300,-0.011524770175140286,0.000896857,0
10400,-0.011578676164283533,0.000416153,0
10500,-0.00091597330604184513,0.000239113,0
10600,-0.0065484286258904543,0.000157217,0
10700,-0.027267675815880566,0.0016575,0
10800,-0.00028292153153391166,0.00342409,0
10900,-0.012252074720506349,0.000804519,0
11000,-0.014351591458525192,0.00051388,0
11100,-0.0089342783519980578,0.000480745,0
11200,-0.025424554926291951,0.000713358,0
11300,-0.018545429471405719,0.00041837,0
11400,-0.033332484896369863,0.00577261,0
11500,-0.012283515549446984,0.0120033,0
11600,-0.026071535824893601,0.00352013,0
11700,-0.014881210333278404,0.00104429,0
11800,-0.015580648152424064,0.00101042,0
11900,-0.030021739307888127,0.00200178,0
12000,-0.033872653864458958,0.00203454,0
12100,-0.037376582952516398,0.00136203,0
12200,-0.027368509710310275,0.00141332,0
12300,-0.028067780122727797,0.00489865,0
12400,-0.0071683874861250899,0.00567559,0
12500,-0.0032071144493203202,0.000299664,0
12600,-0.014497247510423932,0.0014124,0
12700,-0.029572951763041203,0.00187964,0
12800,-0.0099859180904609598,0.000559026,0
12900,-0.013291249802262492,0.00272647,0
13000,-0.028557183235397493,0.000840809,0
13100,-0.018055582287173778,0.00230476,0
13200,-0.032028578054516886,0.00234335,0
13300,-0.018382470519775956,0.00300759,0
13400,-0.030435016541921902,0.000771919,0
13500,-0.014381011269943591,0.000795238,0
13600,-0.0074706722317014369,0.00207271,0
13700,-0.0047812921696020055,0.000848786,0
13800,-0.011352677825896338,0.000454888,0
13900,-0.0071605427665497089,0.00204446,0
14000,-0.015353816101004357,0.00235013,0
14100,-0.0091057478577355518,0.00531889,0
14200,-0.025050427273642439,0.0121615,0
14300,-0.017599583357439341,0.00410597,0
14400,-0.021051947739826916,0.00107038,0
14500,-0.0073835454590359673,0.000163939,0
14600,-0.0022619737385256929,0.000185616,0
14700,-0.02811947872931899,0.00305806,0
14800,-0.00049973807340843212,0.000497645,0
14900,-0.0035208436558377353,6.9006e-05,0
15000,-0.02253896625438501,0.00105871,0
15100,-0.013130877021927043,0.000843913,0
15200,-0.0086570963268834296,0.000196283,0
15300,-0.018723090348866028,0.000347517,0
15400,-0.031300238656813376,0.000487621,0
15500,-0.019273342480913835,0.000209709,0
15600,-0.018909836642014684,0.000138242,0
15700,-0.0093706564190398217,0.000180306,0
15800,-0.038155171514636967,0.0161628,0
15900,-0.011393668167180517,0.00308571,0
16000,-0.014898527715327695,0.00275765,0
16100,-0.022527429992604313,0.00179059,0
16200,-0.025438346985216475,0.00153091,0
16300,-0.011860166794589727,0.00156405,0
16400,-0.032118351391331831,0.00105607,0
16500,-0.021330285079873161,0.000625763,0
16600,-0.016019543513161445,0.00149498,0
16700,-0.011614606042538974,0.0044006,0
16800,-0.0020409990222976112,0.000479192,0
16900,-0.0093179579094138897,0.00499268,0
17000,-0.01621340172579154,0.000607637,0
17100,-0.018670169294836503,0.00399192,0
17200,-0.015896474931470127,0.00156086,0
17300,-0.0091751709994451064,0.000623967,0
17400,-0.023065110621365504,0.000858064,0
17500,-0.008348669430056797,0.00123179,0
17600,-0.015708748933812567,0.000186543,0
17700,-0.017095552275904622,0.000215096,0
17800,-0.0016055520366203356,0.00336212,0
17900,-0.024314216519889773,0.006613,0
18000,-0.001807641294849211,0.00478819,0
18100,-0.010477412807348818,0.00119689,0
18200,-0.011695819199315702,0.00109139,0
18300,-0.0034289944222442247,0.00215744,0
18400,-0.011883103708828975,0.00158155,0
18500,-0.010354666242298279,0.00490669,0
18600,-0.008111794497853925,0.00115589,0
18700,-0.029965982455457129,0.00257278,0
18800,-0.016324399333669342,0.00127233,0
18900,-0.01292822962104424,0.000202656,0
19000,-0.0085006284154887229,0.000442488,0
19100,-0.020910749507198581,0.000226216,0
19200,-0.019270965643043488,0.000144374,0
19300,-0.021471917432171517,0.00706687,0
19400,-0.0020012371315300762,0.00785394,0
19500,-0.016837455585036677,0.00615592,0
19600,-0.010351253938486798,0.00157257,0
19700,-0.018592287505635002,0.00172706,0
19800,-0.0033874226138368739,0.000737569,0
19900,-0.0031390677388362315,0.000645597,0
20000,-0.021135306203499318,0.000445142,0
20100,-0.014343296597091364,0.00184508,0
20200,-0.0037834396767838872,0.0115656,0
20300,-0.012064105975211762,0.00711989,0
20400,-0.014266896343546947,0.00666989,0
20500,-0.01966136662135649,0.00584921,0
20600,-0.034007891345502021,0.00222029,0
20700,-0.0052330187346654004,0.00667474,0
20800,-0.019365015168210955,0.00255923,0
20900,-0.0086090786366211317,8.38848e-05,0
21000,-0.0061241927190633146,0.00113831,0
21100,-0.015715474398001424,0.00384356,0
21200,-0.013680006680354906,0.00727312,0
21300,-0.031191631604141755,0.00732021,0
21400,-0.012431828372070712,0.00172194,0
21500,-0.0033207239276991552,0.00186985,0
21600,-0.024522630822431238,0.00670879,0
21700,-0.013476801955025321,0.000797973,0
21800,-0.010605547899985438,0.0029353,0
21900,-0.021185091341199086,0.00072275,0
22000,-0.021904891006279726,0.000395854,0
22100,-0.0035128582974142393,0.000572252,0
22200,-0.0088220107596521796,6.81586e-05,0
22300,-0.0064723488526772901,0.000501759,0
22400,-0.0059585858775035496,0.000614531,0
22500,-0.0030931612130197733,0.00157216,0
22600,-0.017460777498725016,0.00759691,0
22700,-0.005861841151335383,0.00720436,0
22800,-0.014164402449118686,0.00766078,0
22900,-0.0080544266976751953,0.000371837,0
23000,-0.0066435642898960172,0.00438873,0
23100,-0.013712686007033204,0.00219813,0
23200,-0.0024500591357827198,0.00110799,0
23300,-0.014140585721008306,0.00420691,0
23400,-0.030832819239355203,0.00468566,0
23500,-0.013687323425648268,0.000631027,0
23600,-0.015901152863920232,0.00349038,0
23700,-0.0072242239415951362,0.00283512,0
23800,-0.025585627222211724,0.0014518,0
23900,-0.015543060735347091,0.0020461,0
24000,-0.0085790249426461913,0.000570237,0
24100,-0.012322600624540105,0.000491226,0
24200,-0.021158874866161102,0.000561815,0
24300,-0.021069494400247427,0.000189634,0
24400,-0.013308511519864286,0.00011964,0
24500,-0.023077784772849962,0.000495823,0
24600,-0.013587851788167838,0.00200889,0
24700,-0.0095100272242830096,0.00106221,0
24800,-0.015331721205829844,0.000815593,0
24900,-0.011270351597525215,0.000639052,0
25000,-0.023130125744158257,0.00732835,0
25100,-0.011347104612994454,0.00934895,0
25200,-0.025525808385334262,0.000260499,0
25300,-0.01646158740395591,0.000237514,0
25400,-0.029034929532014021,0.0079436,0
25500,-0.0078837045541662841,0.00429031,0
25600,-0.013668943936818712,0.0133198,0
25700,-0.015073590586192856,0.000885313,0
25800,-0.029085008041705929,0.00104153,0
25900,-0.026415855063768104,0.000917776,0
26000,-0.015506058415212258,0.0011122,0
26100,-0.010661766660208549,0.00150783,0
26200,-0.02312409959576028,0.00591467,0
26300,-0.01626825284551103,0.00133415,0
26400,-0.029585661175841563,0.00047964,0
26500,-0.0094611079484295171,0.00451622,0
26600,-0.024877837917333757,0.00155718,0
26700,-0.010176625246356385,0.00122048,0
26800,-0.0047314631985653629,0.00680054,0
26900,-0.024038805170059234,0.000862525,0
27000,-0.023643213174407499,0.00171998,0
27100,-0.010598008529996133,0.00291958,0
27200,-0.021106315362047389,0.00112803,0
27300,-0.033322617853529045,0.00757598,0
27400,-0.020212093556069816,0.013972,0
27500,-0.031600848091950316,0.00162878,0
27600,-0.0035511279640476814,0.000594064,0
27700,-0.010722024709579669,0.00511218,0
27800,-0.015384753883442535,0.00597634,0
27900,-0.01145117750608912,0.00100149,0
28000,-0.020134852608501418,0.000236355,0
28100,-0.022395896873251723,0.000178289,0
28200,-0.024622755681799155,0.000216186,0
28300,-0.015513536705990727,0.00892809,0
28400,-0.0069365725428724686,0.00487588,0
28500,-0.0039306411168823835,0.00193557,0
28600,-0.0065939932949107324,0.000621061,0
28700,-0.0091978410395910787,0.000543799,0
28800,-0.02008151101105167,0.00367498,0
28900,-0.0010236237521160853,0.000511289,0
29000,-0.0048219271960026153,0.0156687,0
29100,-0.042439830712243519,0.00345022,0
29200,-0.014219732417382638,0.00170236,0
29300,-0.015224318482595908,0.000202514,0
29400,-0.0073880411366684688,0.00220318,0
29500,-0.019795418664330496,0.00105439,0
29600,-0.014394213923611471,0.00257605,0
29700,-0.0091097613040081859,0.00266494,0
29800,-0.0049605393447199643,0.00785642,0
29900,-0.013594965588437537,0.000487635,0
30000,-0.029566376217072719,0.000510444,0
30100,-0.024517907243911022,0.00300457,0
30200,-0.0044476676325071497,0.00262559,0
30300,-0.013177185481484905,0.00260161,0
30400,-0.026428969659654699,0.00251727,0
30500,-0.0061765405247438407,0.00210902,0
30600,-0.01270055864250761,0.00068246,0
30700,-0.0021353914187407235,0.00780492,0
30800,-0.029220316442823791,0.000734232,0
30900,-0.044698913567171504,0.00650826,0
31000,-0.027848738938664814,0.00117685,0
31100,-0.011002305500311244,0.0010275,0
31200,-0.039348057653455858,0.00324496,0
31300,-0.00066666803240803224,0.00880112,0
31400,-0.027854235902892332,0.0130885,0
31500,-0.013282437518202976,0.00168164,0
31600,-0.0018730371672151596,0.00234555,0
31700,-0.015972039574425639,0.000216521,0
31800,-0.0040993474184885751,0.00355909,0
31900,-0.022764930997558594,0.00164664,0
32000,-0.0088603500834230579,0.00162334,0
32100,-0.01567086561876619,0.0104628,0
32200,-0.0047752849398171541,0.00587599,0
32300,-0.017180474086173333,0.00327153,0
32400,-0.032124251709082535,0.00146402,0
32500,-0.010489781119476137,0.00774682,0
32600,-0.0064890077255396741,0.0129937,0
32700,-0.02699616158933479,0.0270035,0
32800,-0.013406226108054975,0.005984,0
32900,-0.022708309034143625,0.000622101,0
33000,-0.0071142909936618938,0.000807047,0
33100,-0.0087024139156914714,0.00762886,0
33200,-0.0028585414965282717,0.00713076,0
33300,-0.016498402993684925,0.00204215,0
33400,-0.026057604302267376,0.00100436,0
33500,-0.012812086161777316,0.000648939,0
33600,-0.010239518102304588,0.00055271,0
33700,-0.016832178800548932,0.000456096,0
33800,-0.024788995998523453,0.00770867,0
33900,-0.0089023348381431569,0.00658568,0
34000,-0.022737784913995984,0.000290328,0
34100,-0.017689317801779281,0.0097453,0
34200,-0.020817239865513253,0.00125403,0
34300,-0.0015978945847553647,0.0033812,0
34400,-0.018302696550934677,0.002128,0
34500,-0.0076119096458281002,0.002481,0
34600,-0.013996877076101755,0.00144537,0
34700,-0.022702589648036651,0.000179097,0
34800,-0.035261857305005299,0.00197306,0
34900,-0.029165718499822271,0.00359018,0
35000,-0.03314967531978448,0.00239425,0
35100,-0.0079370985999395096,0.000644627,0
35200,-0.0063175687363478394,0.000606726,0
35300,-0.010452860320301618,0.00536024,0
35400,-0.0086131725611075134,0.0101144,0
35500,-0.023708993855885589,0.00735834,0
35600,-0.0071632278038332607,0.00387023,0
35700,-0.025958316493482746,0.00293877,0
35800,-0.033844807139325653,0.0250875,0
35900,-0.0012630507799218547,0.00436575,0
36000,-0.021364380842488831,0.00184841,0
36100,-0.0014745742982220258,0.0136407,0
36200,-0.038232001326302993,0.00985196,0
36300,-0.017263197429815594,0.000857407,0
36400,-0.011444372279428622,0.000211661,0
36500,-0.0089692025079787553,0.00111939,0
36600,-0.012574409705443702,0.00777215,0
36700,-0.012671452693939149,0.0043383,0
36800,-0.0094156982956502336,0.00198676,0
36900,-0.029723904051182085,0.0014812,0
37000,-0.0027883244775433031,0.00182564,0
37100,-0.0022240684877050886,0.019276,0
37200,-0.036574068916240807,0.010444,0
37300,-0.0084983688356791171,0.00244459,0
37400,-0.04006845590056541,0.00304423,0
37500,-0.01222861589506411,0.000201873,0
37600,-0.0021759530299632754,0.00331733,0
37700,-0.014655754600521032,0.000889609,0
37800,-0.023199458249441161,0.00180752,0
37900,-0.010215789653464482,0.000100517,0
38000,-0.0073801666198199042,0.000119691,0
38100,-0.0057086731451966473,4.87017e-05,0
38200,-0.0073655203376235545,0.000436077,0
38300,-0.013284029433183742,0.000485308,0
38400,-0.0031299014091398093,0.00738843,0
38500,-0.017680148017488507,0.0119116,0
38600,-0.0040055917197521192,0.00418569,0
38700,-0.0059276140158783623,0.00416251,0
38800,-0.022594033564070172,0.000177741,0
38900,-0.036229959751034067,0.00446469,0
39000,-0.0051731303480958557,0.00317394,0
39100,-0.0027073936919753123,0.0142076,0
39200,-0.023698337014063656,0.000455825,0
39300,-0.020949237677189723,0.0113028,0
39400,-0.0080018492050067894,0.00162179,0
39500,-0.0087164540041629289,0.00293541,0
39600,-0.0030754382430918971,0.000271432,0
39700,-0.010123952206577859,0.00274322,0
39800,-0.011689501607214858,0.00105902,0
39900,-0.017245673387753763,0.00556926,0
40000,-0.0022414921098751657,0.00918057,0
40100,-0.04061078660390198,0.00807636,0
40200,-0.0021186027637262426,0.00663387,0
40300,-0.012811767117876738,0.00328174,0
40400,-0.004902085388861048,0.00176695,0
40500,-0.0086753698338731706,0.000621634,0
40600,-0.0099178425889837381,0.00759788,0
40700,-0.025941853910053974,0.000476633,0
40800,-0.016204290137679968,0.00724816,0
40900,-0.0034181043936022258,0.00377137,0
41000,-0.020433947833436807,0.000361881,0
41100,-0.010877629847218828,0.00115865,0
41200,-0.027752519085409252,0.00265714,0
41300,-0.01703321527493153,0.00114026,0
41400,-0.0072256263245588119,0.00649377,0
41500,-0.042320533436835291,0.0147558,0
41600,-0.013491885651039473,0.0083542,0
41700,-0.022396141427812516,0.0013002,0
41800,-0.037310416979386418,0.0123327,0
41900,-0.0043316609127297297,0.0076431,0
42000,-0.023505638194214286,0.0104386,0
42100,-0.012579048763991508,0.0141883,0
42200,-0.025619250122375644,0.000737572,0
42300,-0.033381586733778029,0.000401521,0
42400,-0.030482144093977748,0.000235993,0
42500,-0.032593001562553396,0.00803513,0
42600,-0.0094315690751164642,0.00275829,0
42700,-0.022795549311860314,0.000586514,0
42800,-0.016744578141002209,0.00421861,0
42900,-0.004666103779394349,0.00245574,0
43000,-0.013472711397461421,0.00121159,0
43100,-0.021130757904431929,0.00175953,0
43200,-0.014805210870523213,0.0030828,0
43300,-0.0018425546443735059,0.000737933,0
43400,-0.0010622008836541224,0.00209373,0
43500,-0.0045530909062928941,0.0037846,0
43600,-0.0042979663050959106,0.00867215,0
43700,-0.020434368840622854,0.00157843,0
43800,-0.010725926755866689,0.000256371,0
43900,-0.014411569573088234,0.000660793,0
44000,-0.015304089734456834,0.00036703,0
44100,-0.016284576740339032,0.00122567,0
44200,-0.016720761787552402,0.00866566,0
44300,-0.0069112963502508083,0.00862103,0
44400,-0.01702501805138814,0.000384012,0
44500,-0.01842674778799229,0.00518105,0
44600,-0.0088969228044847252,0.00772261,0
44700,-0.02883188859842779,0.0259151,0
44800,-0.0053549611879658357,0.0222706,0
44900,-0.01942690227627504,0.00570441,0
45000,-0.012984838827435442,0.00142628,0
45100,-0.012702666812406333,0.00352409,0
45200,-0.010456232006697114,0.000363342,0
45300,-0.018446717199340809,0.0101594,0
45400,-0.0070052842795040593,0.00255126,0
45500,-0.015901111961799691,0.00118982,0
45600,-0.015583392156256226,0.00010896,0
45700,-0.0096643495636218619,0.000752276,0
45800,-0.034756171086134525,0.000441668,0
45900,-0.01500999227169794,0.00689518,0
46000,-0.013916730480783089,0.0043341,0
46100,-0.04001554075898401,0.00173991,0
46200,-0.018647451211611963,0.0088788,0
46300,-0.0048816748942176217,0.0112191,0
46400,-0.039649435043619029,0.00483468,0
46500,-0.0078276001259591221,0.000551636,0
46600,-0.0042816892911295432,0.0014233,0
46700,-0.017153286248647561,0.000716438,0
46800,-0.009971529487400271,0.00116739,0
46900,-0.0092235021341916315,0.00162194,0
47000,-0.022707584936150951,0.000780535,0
47100,-0.0062151420412363241,3.86285e-05,0
47200,-0.0094456729069330933,0.0114685,0
47300,-0.040898247251692145,0.0278575,0
47400,-0.0061821135480951113,0.00915031,0
47500,-0.016637535720460127,0.000819034,0
47600,-0.015030639047310564,0.00210948,0
47700,-0.0088709132097667589,0.000996526,0
47800,-0.0062622931971410088,0.00183595,0
47900,-0.00331684329918689,0.00545254,0
48000,-0.014862373331749855,0.000553571,0
48100,-0.018445499586520035,0.00600505,0
48200,-0.03425960498328897,0.000442154,0
48300,-0.029950469732358362,0.00171412,0
48400,-0.014745974505577289,0.00123495,0
48500,-0.0064731063149254756,0.00196843,0
48600,-0.016547659071225355,0.00517874,0
48700,-0.027357953635073887,0.0118034,0
48800,-0.0055620413271353329,0.00557086,0
48900,-0.013806588826721851,0.00243912,0
49000,-0.012015392324546901,0.000527561,0
49100,-0.0041524205989027134,0.000624807,0
49200,-0.0021996595051860428,0.000788626,0
49300,-0.0043707929449459055,0.00818206,0
49400,-0.030286107761616794,0.0207591,0
49500,-0.004244482017796483,0.017027,0
49600,-0.02378598472442571,0.0192368,0
49700,-0.0015175643421484141,0.00296741,0
49800,-0.018575044364500252,0.0031861,0
49900,-0.0046500816550274068,0.00836514,0
50000,-0.028117321669620426,0.00481451,0
50100,-0.0050736139690769864,0.000335277,0
50200,-0.017187521464799398,0.00218074,0
50300,-0.014389788391900535,0.000292705,0
50400,-0.0057576585827964401,0.00371295,0
50500,-0.030261389492132276,0.00126772,0
50600,-0.03346722298485752,0.0193787,0
50700,-0.010717583200748268,0.00453984,0
50800,-0.0075216255737824336,0.000588799,0
50900,-0.010201406875572767,0.00420858,0
51000,-0.00082392227659247629,0.00149669,0
51100,-0.0069264522768401823,0.00152072,0
51200,-0.0078524686198854516,0.0139214,0
51300,-0.036075623964141573,0.0223198,0
51400,-0.001151547841403572,0.0116641,0
51500,-0.024840146221110509,0.00195205,0
51600,-0.033842162666467675,0.00766669,0
51700,-0.0087640549751442139,0.00592872,0
51800,-0.026381476436092535,0.00251242,0
51900,-0.017904125739966793,0.00148472,0
52000,-0.0087824960738395706,0.00205627,0
52100,-0.019102438764541971,0.00647289,0
52200,-0.0028796067691517087,0.00871804,0
52300,-0.021145318889750575,0.000248595,0
52400,-0.024313381111896439,0.00346701,0
52500,-0.0050100452591680745,0.015748,0
52600,-0.033472818390286464,0.00645109,0
52700,-0.014590979358045207,0.00177822,0
52800,-0.016486318305507248,0.0128121,0
52900,-0.030634638877661755,0.000600134,0
53000,-0.034542798866499788,0.0154705,0
53100,-0.0088387856333502109,0.00533363,0
53200,-0.02806408750476885,0.00710946,0
53300,-0.010714118776921662,0.0118805,0
53400,-0.029092097886312392,0.000864019,0
53500,-0.028282007882256269,0.00938831,0
53600,-0.018221132764789684,0.00034031,0
53700,-0.010082158028075008,0.00898349,0
53800,-0.029205335844452011,0.0268432,0
53900,-0.0026368400844351387,0.00416692,0
54000,-0.0068492951764070643,0.00230955,0
54100,-0.010495377954902206,0.0012403,0
54200,-0.0032858041813080725,0.00130793,0
54300,-0.015375424439657765,0.000595913,0
54400,-0.014288918727276034,0.00843688,0
54500,-0.00076414072573830925,0.00083136,0
54600,-0.0096204871548119658,0.0194854,0
54700,-0.051679261288118512,0.0176269,0
54800,-0.0041514656548390545,0.00962166,0
54900,-0.028785638058766702,0.00238875,0
55000,-0.020292621126021527,0.0035019,0
55100,-0.03331398522611291,0.0292376,0
55200,-0.0071147752637908046,0.0281243,0
55300,-0.037122054521687743,0.00754656,0
55400,-0.013348867590712618,0.00828823,0
55500,-0.035477162884088267,0.017001,0
55600,-0.0027410942024368489,0.00279554,0
55700,-0.0093965213346497052,0.00233702,0
55800,-0.0048539310798659625,0.000438534,0
55900,-0.011533788070576584,0.0104875,0
56000,-0.036285747769997607,0.013612,0
56100,-0.014139185893079966,0.000250638,0
56200,-0.013534994914041192,0.00393276,0
56300,-0.0056408657904142715,0.00652937,0
56400,-0.016833186674104651,0.000158585,0
56500,-0.0085121250543934955,0.000291325,0
56600,-0.026626364092823866,0.00836174,0
56700,-0.01253122104702516,0.00181839,0
56800,-0.011016800655646856,0.000280852,0
56900,-0.0081613283081531356,0.00017417,0
57000,-0.0056067248558855165,0.00410276,0
57100,-0.00040917832538266483,0.00996325,0
57200,-0.022308944735152041,0.0050101,0
57300,-0.035836271631322865,0.00216178,0
57400,-0.017176741341116689,0.000169808,0
57500,-0.02192940535731169,0.000469996,0
57600,-0.031759183492848973,0.0258704,0
57700,-0.0016234896129480273,0.000755979,0
57800,-0.0043310216808992476,0.00320458,0
57900,-0.01599986629154062,0.000845705,0
58000,-0.0077396047817887134,0.000711737,0
58100,-0.0061091161755817691,0.000684072,0
58200,-0.0020100429628966245,0.0227352,0
58300,-0.029849213434061189,0.0082138,0
58400,-0.017588254723203387,0.00746837,0
58500,-0.01008687085031029,0.00638744,0
58600,-0.009983234520709065,0.0044891,0
58700,-0.029073732044641233,0.00281809,0
58800,-0.016688503687836073,0.00268082,0
58900,-0.027140893985999292,0.000839361,0
59000,-0.032459309964507535,0.03157,0
59100,-0.0061116573223272642,0.00249692,0
59200,-0.018474127001303207,0.00980823,0
59300,-0.027994044304515037,0.00773837,0
59400,-0.0036880455509386303,0.00922481,0
59500,-0.018732821863518725,0.00101511,0
59600,-0.019250725261124646,0.00297167,0
59700,-0.018960911788303086,0.000641074,0
59800,-0.014405513986700496,0.00754407,0
59900,-0.0080493193598161327,0.0130686,0
60000,-0.026743587010529243,0.0026867,0
60100,-0.032276081682826897,0.0146754,0
60200,-0.0098054930263252842,0.00575021,0
60300,-0.019652168825967552,0.000186971,0
60400,-0.029432749055109921,0.00550006,0
60500,-0.0055727345289615397,0.0160143,0
60600,-0.029819736086674299,0.0240877,0
60700,-0.0050836013363629471,0.0266375,0
60800,-0.034426927419790546,0.0199383,0
60900,-0.0056492355175396837,0.00194834,0
61000,-0.0059688888482244337,0.0144839,0
61100,-0.02190537319460795,0.0029851,0
61200,-0.023607749477734224,0.00255141,0
61300,-0.020719198818616745,0.0155524,0
61400,-0.0053812856656558893,0.00248871,0
61500,-0.0071484594107910793,0.0005426,0
61600,-0.016193259986808244,0.000833304,0
61700,-0.015496606369533933,0.000262934,0
61800,-0.02106328107900465,0.00223982,0
61900,-0.011626691129299958,0.00635364,0
62000,-0.0078479666799160536,0.000925429,0
62100,-0.0037751560929096613,1.17008e-05,0
62200,-0.009642709934998276,0.000196562,0
62300,-0.0021333996475880355,0.00872164,0
62400,-0.029107584247152488,0.000697335,0
62500,-0.023227425451211106,0.000297528,0
62600,-0.034859401168679659,0.00344527,0
62700,-0.0052492353620483536,0.000849859,0
62800,-0.010155173922679419,0.000142548,0
62900,-0.014752069567715558,0.000893263,0
63000,-0.0087794861124971587,0.00267352,0
63100,-0.0091948637523139882,0.00589048,0
63200,-0.005135451006526669,0.00552068,0
63300,-0.016187718153054163,0.000314544,0
63400,-0.015392024947845058,0.00939289,0
63500,-0.00099685563482910166,0.00741664,0
63600,-0.0093314862202014889,0.00278113,0
63700,-0.0088943324289211482,0.00220931,0
63800,-0.010064180682889017,0.00059463,0
63900,-0.011154054227754971,0.0194162,0
64000,-0.032271096580220066,0.00793571,0
64100,-0.0086476587092056256,0.000391251,0
64200,-0.0072979828292678997,0.0102764,0
64300,-0.032287802073848466,0.0247844,0
64400,-0.0061169701892313964,0.00361503,0
64500,-0.0075254569519585049,0.00505065,0
64600,-0.0060155608701806572,0.00147439,0
64700,-0.0046142767731057986,0.00162278,0
64800,-0.016509080057037981,0.002085,0
64900,-0.022730832731358966,0.0039362,0
65000,-0.01155248907868194,0.00417005,0
65100,-0.0094542579997817927,0.0058574,0
65200,-0.018643637822576189,0.00168629,0
65300,-0.02806444965971433,0.00832717,0
65400,-0.015236378308099182,0.00190228,0
65500,-0.0029695507216388295,0.00862616,0
65600,-0.016172490943992875,0.005211,0
65700,-0.0028822454602532941,0.0165038,0
65800,-0.030786361161114776,0.0234271,0
65900,-0.0021091956251259535,0.000770986,0
66000,-0.0070975806557116959,0.00692475,0
66100,-0.017780754632179298,0.000896487,0
66200,-0.022734447478086714,0.00493941,0
66300,-0.010920920265111839,0.00217883,0
66400,-0.0011774220095763796,0.000450435,0
66500,-0.0043338557884787686,0.0126134,0
66600,-0.022138947893976142,0.019124,0
66700,-0.0080355709276384094,0.00155008,0
66800,-0.012180332328210126,0.00201124,0
66900,-0.01922892936415448,0.0015455,0
67000,-0.013193570341934175,0.0096282,0
67100,-0.03169852794946891,0.0057959,0
67200,-0.010742489997672662,0.00417028,0
67300,-0.027987747582404524,0.00155323,0
67400,-0.041286195575074652,0.000434465,0
67500,-0.038252576194246796,0.00557793,0
67600,-0.01768254920110688,0.00426721,0
67700,-0.0058761750868991432,0.000836179,0
67800,-0.015825476477284058,0.00446653,0
67900,-0.0092505516673107042,0.0295139,0
68000,-0.033145964765973604,0.00745571,0
68100,-0.014231106118866434,0.00284813,0
68200,-0.012258695709058978,0.000436927,0
68300,-0.0082088605289219897,1.52008e-05,0
68400,-0.0076929560909145822,0.00144784,0
68500,-0.01516122127588493,0.000967915,0
68600,-0.0050317374583948608,0.0140384,0
68700,-0.033981719782593935,0.0283969,0
68800,-0.0092671917689771052,0.00101821,0
68900,-0.013393289561725556,0.00427856,0
69000,-0.0053388093209611907,0.000593028,0
69100,-0.011822867398532087,0.00484548,0
69200,-0.028076218130693817,0.00709109,0
69300,-0.0065402100935054996,0.0100877,0
69400,-0.037052313123257449,0.0202548,0
69500,-0.012442626606439635,0.00491544,0
69600,-0.012639166012407216,0.00432644,0
69700,-0.0030795978195360669,0.0130206,0
69800,-0.024892573546943488,0.00947575,0
69900,-0.0081766783652282241,0.00688058,0
70000,-0.038544886469010026,0.0130565,0
70100,-0.0062052237650472896,0.00609629,0
70200,-0.027372888388678258,0.00233235,0
70300,-0.016031712380709572,0.00241362,0
70400,-0.0246573126874302,0.00027876,0
70500,-0.026256958623048377,0.0137554,0
70600,-0.0016181250840271769,0.00478158,0
70700,-0.019033485629029248,0.00377138,0
70800,-0.0032768891818912749,0.0121274,0
70900,-0.028938811938835695,0.0023681,0
71000,-0.03480690523485172,0.00107184,0
71100,-0.031303887664781788,0.000367446,0
71200,-0.015821575875460764,0.00522177,0
71300,-0.013262277533615417,0.0026185,0
71400,-0.004804013038760567,0.00546697,0
71500,-0.014177052443255235,0.00281744,0
71600,-0.018966392617262413,0.000517626,0
71700,-0.022733769412318056,0.000271033,0
71800,-0.030437882657801296,0.0267649,0
71900,-0.0086444801657784651,0.00501162,0
72000,-0.020448104276639727,0.000608011,0
72100,-0.010789748224147088,0.0157202,0
72200,-0.038084943399890984,0.00219764,0
72300,-0.019612608169058611,0.0025453,0
72400,-0.033514011743442679,0.00607267,0
72500,-0.028777652035133664,0.00189272,0
72600,-0.031740781252895166,0.000497153,0
72700,-0.019937154443600256,0.00224202,0
72800,-0.033977686497669947,0.000399675,0
72900,-0.022129974449956777,0.0171378,0
73000,-0.0057757388802753221,0.0242787,0
73100,-0.038354293037602773,0.00393102,0
73200,-0.021850107557332785,0.000527002,0
73300,-0.020593475201678344,7.93722e-05,0
73400,-0.017787320139652524,0.00599193,0
73500,-0.010894482861590013,0.00413585,0
73600,-0.028770992299537675,0.00326979,0
73700,-0.035182142581865368,0.00146419,0
73800,-0.018702042611131908,0.00575457,0
73900,-0.0067159904903816266,0.00499203,0
74000,-0.0046687480281678477,0.0152055,0
74100,-0.018418494360465679,0.0112835,0
74200,-0.0057681928352005607,0.00153327,0
74300,-0.008211322577869733,0.00984414,0
74400,-0.014909956456642615,0.0100307,0
74500,-0.015623398027998907,0.015694,0
74600,-0.026579582849573277,0.0119061,0
74700,-0.0082213760608092282,0.00174356,0
74800,-0.0023889731685694422,0.0195272,0
74900,-0.031879676699516218,0.00131466,0
75000,-0.027131632432927134,0.000690074,0
75100,-0.028573400187961756,0.0121092,0
75200,-0.0066193409053610808,0.00189942,0
75300,-0.0028509125629361297,0.0149466,0
75400,-0.029091276558251323,0.0250345,0
75500,-0.0060777892134981949,0.000617716,0
75600,-0.0063949467988033181,0.000122035,0
75700,-0.0085766615322169001,5.7426e-05,0
75800,-0.0080219977563076254,0.0204594,0
75900,-0.030623388755929133,0.00171075,0
76000,-0.030375808105549459,0.000209451,0
76100,-0.031287305889202019,0.0167568,0
76200,-0.011084618462103553,0.000733311,0
76300,-0.0084801902887535838,0.0128366,0
76400,-0.027844980299446483,0.000275358,0
76500,-0.030944652225424238,0.00365386,0
76600,-0.018885525198614805,0.00145033,0
76700,-0.013080993208842446,0.00844571,0
76800,-0.0065583478380395336,0.00829382,0
76900,-0.014956965977576408,0.0010449,0
77000,-0.01036337936439335,0.00908351,0
77100,-0.033026755776444254,0.00022333,0
77200,-0.0252265696003664,9.23944e-05,0
77300,-0.025471886885747287,0.0290044,0
77400,-0.00020276494141465156,0.0109146,0
77500,-0.014141015876969058,0.00388366,0
77600,-0.0038956151745032385,0.00232491,0
77700,-0.017953566606850598,0.00364752,0
77800,-0.025453450391651981,0.000272503,0
77900,-0.02972087591358728,0.0071443,0
78000,-0.0051729868748110908,0.000791952,0
78100,-0.0080011156833319358,0.00509891,0
78200,-0.021921747438663649,0.0219141,0
78300,-0.008955598355269441,0.0211139,0
78400,-0.030083986707922613,0.0194356,0
78500,-0.0090874757239175104,0.0289097,0
78600,-0.038784638775468068,0.0269139,0
78700,-0.011116141811164293,0.012885,0
78800,-0.02489232920343528,0.000707808,0
78900,-0.022261079596726879,0.00271161,0
79000,-0.037981554907131197,0.000838791,0
79100,-0.02433569386525089,0.0194002,0
79200,-0.0022831137230551963,0.00117967,0
79300,-0.0083500113000050235,0.026157,0
79400,-0.043835257332754202,0.00309705,0
79500,-0.031321068215075402,0.0143903,0
79600,-0.011452435189158262,0.0273339,0
79700,-0.03759036532001539,0.004144,0
79800,-0.024982183408259511,0.00576194,0
79900,-0.006347025161027673,0.00308143,0
80000,-0.0013491335917224612,0.00550401,0
80100,-0.019326629093785484,0.0135733,0
80200,-0.027503035403565045,0.0218925,0
80300,-0.0070202013383005727,0.0163548,0
80400,-0.029737622583612414,0.0124422,0
80500,-0.011805891749980377,0.0107128,0
80600,-0.027801316897344365,0.00121578,0
80700,-0.027838968331914179,0.0039451,0
80800,-0.015163490291919752,0.00670092,0
80900,-0.0050918636825778097,0.0046656,0
81000,-0.0079609470657288298,0.000490722,0
81100,-0.0030836469731299228,0.00181734,0
81200,-0.011038833686753222,0.000957568,0
81300,-0.021874427470005217,0.00341708,0
81400,-0.031381517409074827,0.000277199,0
81500,-0.023989053286921566,5.24057e-05,0
81600,-0.02534115435984359,0.00691176,0
81700,-0.014920202242683065,0.00651603,0
81800,-0.031416506214875066,0.000680186,0
81900,-0.019269965796765577,0.00820314,0
82000,-0.0070147124050016748,0.000711233,0
82100,-0.0056847863483360343,0.000959151,0
82200,-0.0014751800787135138,0.0194534,0
82300,-0.025050476958411248,0.00125145,0
82400,-0.029347479755346323,0.0104543,0
82500,-0.017366057409948465,0.000683706,0
82600,-0.0094329034947263357,0.00565383,0
82700,-0.017335363433910855,0.0130242,0
82800,-0.017087099720604671,0.000211224,0
82900,-0.0052393762690774396,0.00986099,0
83000,-0.02388873386649077,0.00184045,0
83100,-0.025707250397976712,0.0372477,0
83200,-0.0072454432084516464,0.00965626,0
83300,-0.015697381456789613,0.00310802,0
83400,-0.0049986591744650942,0.0009591,0
83500,-0.0076547546055944849,0.0174193,0
83600,-0.028870376038353456,0.000501305,0
83700,-0.023035511925738505,0.0128097,0
83800,-0.0085767071129317588,0.00231613,0
83900,-0.0011776213495897476,0.00185031,0
84000,-0.010846375556054919,0.0208563,0
84100,-0.03271211899930436,0.000827539,0
84200,-0.029875190993254027,0.00422445,0
84300,-0.014683190105121742,0.00119751,0
84400,-0.022664172531280613,0.019928,0
84500,-0.0036349851478012008,0.0140641,0
84600,-0.016691996323964425,0.00358844,0
84700,-0.028089310157212229,0.00657553,0
84800,-0.012293195717287191,0.00118225,0
84900,-0.011620695920579906,0.000882328,0
85000,-0.01041354486395718,0.000399907,0
85100,-0.010707332359463946,0.0278753,0
85200,-0.042277332983128996,0.00444915,0
85300,-0.022682185731888575,0.0120395,0
85400,-0.01135139330089923,0.00434149,0
85500,-0.023299585398286554,0.00981082,0
85600,-0.0061608408456470566,0.00510737,0
85700,-0.013186315955068086,0.00233411,0
85800,-0.0078241911263960597,0.00278542,0
85900,-0.015144490633348684,0.0250841,0
86000,-0.025163654354593841,0.0215578,0
86100,-0.0068985444490890805,0.00120858,0
86200,-0.0083515508446048384,0.00150943,0
86300,-0.014321254392503344,0.000606811,0
86400,-0.0020852082215521424,0.0090542,0
86500,-0.021661487536983288,0.000676484,0
86600,-0.033439473290795753,0.00136137,0
86700,-0.014476261784137846,0.0027878,0
86800,-0.0096896914586697865,0.00210665,0
86900,-0.0016924957734433816,0.000595353,0
87000,-0.0035891137753998599,0.0230834,0
87100,-0.038642248211834457,0.00742871,0
87200,-0.015972736136968646,0.000290873,0
87300,-0.022748467698018651,0.00159297,0
87400,-0.01599359725175761,0.000385867,0
87500,-0.011949496606120245,0.00491355,0
87600,-0.0033489100307601172,0.00494218,0
87700,-0.0083043388840286139,0.000633796,0
87800,-0.012931121857137266,0.00688238,0
87900,-0.010965847841503782,0.0070973,0
88000,-0.020933962898931183,0.0038526,0
88100,-0.027566717758266846,0.00236331,0
88200,-0.019867307242971602,0.0115905,0
88300,-0.0055948285741918994,0.00883661,0
88400,-0.020388511485215845,0.00215531,0
88500,-0.018276243799181632,0.0038221,0
88600,-0.011647421763731021,0.00769961,0
88700,-0.017871752592677329,0.00606097,0
88800,-0.036124487574579228,0.000551791,0
88900,-0.035736851360785277,0.0333408,0
89000,-0.0050099586674973674,0.00338525,0
89100,-0.0085671915141536086,0.00545413,0
89200,-0.023025065276988353,0.00887769,0
89300,-0.0060974905154730441,0.00145039,0
89400,-0.0013569497203452011,0.00448448,0
89500,-0.017550417313971483,7.59841e-05,0
89600,-0.0093453337472672888,0.000462877,0
89700,-0.019403773121048011,0.00440835,0
89800,-0.017656083667119956,0.000903885,0
89900,-0.026924859424169254,0.00163917,0
90000,-0.043005151396934088,0.0159921,0
90100,-0.0071664987538744371,0.010057,0
90200,-0.030520144981378533,0.0103875,0
90300,-0.011192631401865842,0.00381148,0
90400,-0.025347888998701072,0.00282165,0
90500,-0.030025074893481739,0.00773894,0
90600,-0.017130663948950894,0.00101835,0
90700,-0.018301225486412571,0.0155768,0
90800,-0.0006107037232336676,0.000573176,0
90900,-0.002643369914939706,0.000781384,0
91000,-0.014063230404726653,0.00791918,0
91100,-0.025347187426147669,0.000450896,0
91200,-0.027523911731077565,0.00153892,0
91300,-0.01872772299634173,0.00366468,0
91400,-0.031189792617307824,0.031813,0
91500,-0.011628803319058531,0.00936189,0
91600,-0.016257969099288103,0.00212843,0
91700,-0.020288066913904734,0.000154553,0
91800,-0.025509785206005806,0.00119131,0
91900,-0.014995383462617039,0.00180136,0
92000,-0.0097887989010858358,0.00368045,0
92100,-0.021501016676588124,0.00533475,0
92200,-0.019826701233732865,0.000711387,0
92300,-0.017298089252028099,0.000711409,0
92400,-0.0090164980840594117,0.000160363,0
92500,-0.0050981383897571939,0.0174089,0
92600,-0.030623193071640801,0.0260953,0
92700,-0.0039376313427652819,0.0326822,0
92800,-0.039812765810428204,0.0112202,0
92900,-0.011444417448240261,0.0104459,0
93000,-0.0037813107038111447,0.0172602,0
93100,-0.026140240739154674,0.00112708,0
93200,-0.030731819742988047,0.0319618,0
93300,-0.0013896249222865524,0.0173082,0
93400,-0.015814390824437374,0.00337604,0
93500,-0.018114302678501656,0.000690992,0
93600,-0.013153588518097644,0.0136269,0
93700,-0.035821569879237597,0.00616787,0
93800,-0.022708307175060956,0.0060239,0
93900,-0.034630148305590323,0.00088204,0
94000,-0.02458155343319017,0.0235187,0
94100,-0.011094349381275419,0.000339021,0
94200,-0.0042046891497768586,0.00354546,0
94300,-0.017328575657603804,0.00901109,0
94400,-0.032603760738250012,0.00638453,0
94500,-0.00820137007958943,0.00273339,0
94600,-0.009190327329636639,0.0153001,0
94700,-0.024820908856722178,0.00601133,0
94800,-0.011520505073374362,0.00280757,0
94900,-0.0040850269692929066,0.00256317,0
95000,-0.0054564695318164392,0.00103745,0
95100,-0.014730750106271989,0.00142434,0
95200,-0.011406816223716133,0.00992057,0
95300,-0.02395896010310071,0.0074522,0
95400,-0.00097920804825665005,0.00280942,0
95500,-0.00085592920163858372,0.00234879,0
95600,-0.011626604482480268,0.00207849,0
95700,-0.00426682061748343,0.0145019,0
95800,-0.032805506995661184,0.00052649,0
95900,-0.024617884052762658,0.0139941,0
96000,-0.0079371251243454885,0.000485099,0
96100,-0.00054097748212334807,0.0301895,0
96200,-0.035006650579418458,0.000475105,0
96300,-0.03343646429943422,0.0133854,0
96400,-0.0077354851162376699,0.00108095,0
96500,-0.008129389053851457,0.000525577,0
96600,-0.015471748081468699,0.00630016,0
96700,-0.022790533134977028,0.00961211,0
96800,-0.004385442779066653,0.00120919,0
96900,-0.0048120623938301679,0.0250997,0
97000,-0.030096832553684286,0.0087282,0
97100,-0.014151534446304473,0.00136105,0
97200,-0.016905925101606715,0.000123005,0
97300,-0.024729268538048875,0.021103,0
97400,-0.0040906761398423266,0.00051618,0
97500,-0.0024101061846227411,0.000348389,0
97600,-0.0027973913988717002,0.00384653,0
97700,-0.011215912733955219,0.00320269,0
97800,-0.0032552367712369735,0.00165373,0
97900,-0.01319537492393902,0.00114896,0
98000,-0.025458475620833036,0.00328247,0
98100,-0.027116569474083908,0.00651,0
98200,-0.010228170818971191,0.00457779,0
98300,-0.0078039701924995956,0.00503318,0
98400,-0.012065847829040306,0.00457801,0
98500,-0.035148371092479487,0.02226,0
98600,-0.011031154267166481,0.00355825,0
98700,-0.013612238418310638,0.00312615,0
98800,-0.022291389957384788,0.0171386,0
98900,-0.00065062610587164258,0.0144184,0
99000,-0.022393938617654614,0.0063134,0
99100,-0.0063259640629927871,0.000349728,0
99200,-0.009135853584294024,0.010957,0
99300,-0.027423425725528874,0.00145094,0
99400,-0.018296229090519579,0.0073176,0
99500,-0.0056926654427840407,0.00049676,0
99600,-0.0091126502155623092,9.80976e-05,0
99700,-0.016138155872460157,8.18023e-05,0
99800,-0.013334360274399352,0.00165418,0
99900,-0.010251976740921707,0.000697656,0
100000,-0.0040573659033124676,0.017514,0
