Timestep,Average Reward,C Loss,M Loss
100,-552.97376676192744,316910.0,0
200,-166.23880850323346,48019.2,0
300,-385.97509695698886,189721.0,0
400,-518.37180908949881,296670.0,0
500,-396.03476673301282,196210.0,0
600,-481.60335724852041,253233.0,0
700,-383.03119501457024,215459.0,0
800,-338.95190293559938,127028.0,0
900,-201.111479360386,78116.9,0
1000,-509.10855170460576,284349.0,0
1100,-228.91257797133113,66410.0,0
1200,-201.74644712522641,59758.1,0
1300,-246.26094344249384,81235.2,0
1400,-388.4414566790872,174715.0,0
1500,-321.28801373344976,111133.0,0
1600,-508.66361124021728,267205.0,0
1700,-388.19291229635883,178660.0,0
1800,-384.44167450404967,168157.0,0
1900,-245.00730697065603,67799.5,0
2000,-186.57206819122467,51415.1,0
2100,-629.18606798408871,426183.0,0
2200,-301.90615403807664,123544.0,0
2300,-526.62371702392306,289701.0,0
2400,-443.44577578840892,267331.0,0
2500,-364.20765559392856,157493.0,0
2600,-389.97721298374398,165172.0,0
2700,-632.294167796755,504582.0,0
2800,-318.11972018724305,141059.0,0
2900,-195.71380491070718,47222.9,0
3000,-347.27439390430862,180401.0,0
3100,-228.66701291868856,69021.6,0
3200,-220.19192897614357,79481.7,0
3300,-480.16316305392172,269586.0,0
3400,-573.96558180350166,427216.0,0
3500,-256.11253044784638,105679.0,0
3600,-87.502080533911609,10422.8,0
3700,-185.77803689579861,57256.7,0
3800,-505.74953940477064,291489.0,0
3900,-195.37362808728284,60152.4,0
4000,-141.79657086681007,30886.7,0
4100,-419.93807545639936,288448.0,0
4200,-426.54147109497785,279153.0,0
4300,-187.03800995456007,47481.9,0
4400,-397.39273424639873,178682.0,0
4500,-479.98734614255227,243109.0,0
4600,-117.77334023053609,43881.5,0
4700,-542.68267076983943,346606.0,0
4800,-291.761573480935,113973.0,0
4900,-530.44362749532695,332364.0,0
5000,-371.6728146839738,142623.0,0
5100,-301.76708038756033,216709.0,0
5200,-324.98734229560534,113402.0,0
5300,-312.94898865902326,123059.0,0
5400,-115.87548619086994,18083.3,0
5500,-615.30171910974366,507872.0,0
5600,-629.47332267329114,476136.0,0
5700,-272.11036191335074,128713.0,0
5800,-390.26869238061414,236118.0,0
5900,-253.5466304656415,74730.6,0
6000,-414.01218587939417,186501.0,0
6100,-226.8983525644214,141380.0,0
6200,-322.70057409340586,161305.0,0
6300,-170.28724042620664,40835.6,0
6400,-304.04921670414859,138106.0,0
6500,-246.37291859231408,85711.3,0
6600,-422.82709164251128,253963.0,0
6700,-677.28170684000577,484092.0,0
6800,-325.35768771528734,120567.0,0
6900,-403.15762299857431,179630.0,0
7000,-483.7631571204011,279342.0,0
7100,-236.94887913714263,95253.7,0
7200,-467.26393498183,229807.0,0
7300,-375.53810410102966,175502.0,0
7400,-221.90680175770666,78984.9,0
7500,-387.5000056019328,163919.0,0
7600,-447.1403000175527,249952.0,0
7700,-176.5479577646619,69006.7,0
7800,-348.0917158255449,137512.0,0
7900,-322.01226595102474,112758.0,0
8000,-187.04648644161526,48747.6,0
8100,-225.80991684361297,67556.3,0
8200,-424.38846779925706,278753.0,0
8300,-137.15774632660708,38550.5,0
8400,-384.06531366337646,217102.0,0
8500,-596.61234451787493,367711.0,0
8600,-467.59036349784378,238583.0,0
8700,-350.80352819811429,135994.0,0
8800,-80.039592261116724,11314.3,0
8900,-114.49770219334226,18347.8,0
9000,-374.61368244173769,147706.0,0
9100,-560.63099122760843,381738.0,0
9200,-555.2230587607869,335877.0,0
9300,-248.87135309967471,100889.0,0
9400,-381.28927978607686,152937.0,0
9500,-279.07036378307976,97927.8,0
9600,-511.22408478419931,393719.0,0
9700,-635.0670846322314,494414.0,0
9800,-463.13361039330829,300153.0,0
9900,-249.97670757721448,81030.5,0
10000,-466.59443007031291,250790.0,0
10100,-351.99083007770088,166472.0,0
10200,-245.22927136651896,73993.5,0
10300,-489.63071660483581,314873.0,0
10400,-596.05794839012822,387200.0,0
10500,-351.16546786049361,140569.0,0
10600,-265.41397638221918,122352.0,0
10700,-673.63066359804452,500684.0,0
10800,-371.60143355027304,147290.0,0
10900,-261.81571820393913,72964.3,0
11000,-629.58810030794518,450528.0,0
11100,-244.25552151221211,74920.4,0
11200,-543.11767561897705,359894.0,0
11300,-633.80697150774881,443932.0,0
11400,-396.95182487789089,170190.0,0
11500,-409.97988804745074,214041.0,0
11600,-528.40931450714515,313647.0,0
11700,-388.355926317556,161240.0,0
11800,-181.23338603700643,40856.3,0
11900,-277.62147092271732,106239.0,0
12000,-559.0646464637266,324619.0,0
12100,-467.27416248432274,262279.0,0
12200,-388.50249256850191,211376.0,0
12300,-435.62559387371817,216269.0,0
12400,-461.57899761458225,227868.0,0
12500,-369.19840538555417,141515.0,0
12600,-288.79444652610124,92967.8,0
12700,-584.08003962732914,367001.0,0
12800,-397.57006040772472,229339.0,0
12900,-338.65636082546717,138431.0,0
13000,-299.00152826545002,113392.0,0
13100,-445.73126564098925,286435.0,0
13200,-327.46489490471606,185174.0,0
13300,-606.199050810274,374712.0,0
13400,-250.39892004667234,102479.0,0
13500,-607.00474579263528,385595.0,0
13600,-382.48440502498954,166417.0,0
13700,-581.71703227493413,352986.0,0
13800,-696.32282348478145,518869.0,0
13900,-375.10501035221239,155019.0,0
14000,-320.31817716971187,128578.0,0
14100,-312.71671503846619,123099.0,0
14200,-476.3260119621176,247636.0,0
14300,-336.68345684174119,267716.0,0
14400,-429.98931739889537,242801.0,0
14500,-464.32302836956353,276745.0,0
14600,-474.55120785991568,235691.0,0
14700,-338.91407010858978,150531.0,0
14800,-292.14986159990553,130871.0,0
14900,-343.02089847165769,138408.0,0
15000,-645.89139769575593,430221.0,0
15100,-542.88069389440864,336686.0,0
15200,-217.71813867601372,101999.0,0
15300,-410.30874694541984,201136.0,0
15400,-173.43834379191779,43122.6,0
15500,-283.49584642409269,164720.0,0
15600,-302.58119920581635,115899.0,0
15700,-467.32606051986068,239466.0,0
15800,-384.18013236282388,240152.0,0
15900,-229.20178108660267,59482.2,0
16000,-512.95338473111599,306487.0,0
16100,-457.39053045632022,218757.0,0
16200,-330.03193970535244,116397.0,0
16300,-321.60557420941637,109067.0,0
16400,-184.50525233041535,40968.3,0
16500,-445.71376460385136,236112.0,0
16600,-232.04045422314294,73799.0,0
16700,-491.55287612546664,251243.0,0
16800,-301.13045293472828,105468.0,0
16900,-594.44998856288316,443449.0,0
17000,-307.01609895081305,109878.0,0
17100,-178.18063584753875,38886.2,0
17200,-373.25009435155073,216436.0,0
17300,-238.91968617719832,67896.1,0
17400,-251.9587509959895,100494.0,0
17500,-250.76704793668171,93215.8,0
17600,-279.84668102769962,119446.0,0
17700,-412.14179759368199,211180.0,0
17800,-100.00132350271102,12091.5,0
17900,-319.63252051328948,110044.0,0
18000,-267.0555063060616,86453.5,0
18100,-322.24357327313385,128050.0,0
18200,-298.69040971804304,134553.0,0
18300,-323.28366206490819,138564.0,0
18400,-524.78954466196399,298203.0,0
18500,-118.53291112468077,17420.4,0
18600,-369.34022263339023,170017.0,0
18700,-225.73015516015886,60793.7,0
18800,-331.36848168001529,129447.0,0
18900,-354.60963592007954,130910.0,0
19000,-399.85087204948746,194323.0,0
19100,-556.30908941028724,347393.0,0
19200,-267.62951361210861,118232.0,0
19300,-314.56436258181026,133050.0,0
19400,-142.08688181221166,25456.8,0
19500,-715.41122235327009,584755.0,0
19600,-289.98966530683327,127232.0,0
19700,-461.81167233445422,224725.0,0
19800,-323.78057012899529,110371.0,0
19900,-332.73648175939348,169206.0,0
20000,-489.88080954499856,311057.0,0
20100,-151.3082049417014,27866.7,0
20200,-426.20602709189035,312705.0,0
20300,-244.31655623938954,72735.5,0
20400,-345.61646155535379,142731.0,0
20500,-399.26698207968036,227992.0,0
20600,-321.84686657950692,132716.0,0
20700,-328.29079258997422,123785.0,0
20800,-237.15953746137438,75318.5,0
20900,-194.06137523488201,64387.4,0
21000,-197.86995303627415,54018.6,0
21100,-145.53738973033626,30581.4,0
21200,-429.99014454755934,277653.0,0
21300,-350.56338220793236,139753.0,0
21400,-405.92400300387601,215537.0,0
21500,-115.76143049714452,25199.7,0
21600,-496.50216174005226,279631.0,0
21700,-197.5406778632543,62822.7,0
21800,-329.18343544475027,125602.0,0
21900,-687.2284575988399,480939.0,0
22000,-350.61757945833085,141738.0,0
22100,-412.53747749990566,218474.0,0
22200,-324.71381066958247,124021.0,0
22300,-413.82885891830932,184713.0,0
22400,-347.61625383373217,164586.0,0
22500,-377.04911514730952,153377.0,0
22600,-161.6550982168672,27402.9,0
22700,-252.25121169352212,77281.6,0
22800,-291.28709882380173,92383.5,0
22900,-364.47045276865117,140023.0,0
23000,-330.20068472753769,113726.0,0
23100,-294.68189126247705,103509.0,0
23200,-281.77437837235425,89109.9,0
23300,-525.10234362666552,291627.0,0
23400,-175.25653900635734,38693.9,0
23500,-375.44753244754736,197460.0,0
23600,-420.26574435706897,190191.0,0
23700,-540.81579504233468,339512.0,0
23800,-290.89387264083501,116514.0,0
23900,-415.78593476160108,187296.0,0
24000,-411.11387541271068,191832.0,0
24100,-300.26410264207448,100339.0,0
24200,-400.25850137321436,191915.0,0
24300,-512.47465952741675,305861.0,0
24400,-160.55670130087296,32622.8,0
24500,-312.93219632295967,181611.0,0
24600,-525.19708488809874,313388.0,0
24700,-199.1075656916469,50767.9,0
24800,-250.32043519874384,114248.0,0
24900,-219.03260014236668,59904.3,0
25000,-190.20877241533057,44410.4,0
25100,-445.24175459036741,256946.0,0
25200,-333.50472019120554,118627.0,0
25300,-420.00112184424796,182178.0,0
25400,-424.21676525072439,200594.0,0
25500,-507.89065727173079,280236.0,0
25600,-274.00537466130044,98304.5,0
25700,-439.01501676762609,195622.0,0
25800,-230.00635541299806,67542.9,0
25900,-384.5052650744754,165249.0,0
26000,-319.79290665807673,129609.0,0
26100,-309.22004558174461,109813.0,0
26200,-544.80575177803144,334142.0,0
26300,-198.45606934532753,53262.2,0
26400,-374.18939467513832,175209.0,0
26500,-206.17024574699792,83340.5,0
26600,-354.35775353108841,141272.0,0
26700,-457.8101179787638,240074.0,0
26800,-341.36666564695929,175023.0,0
26900,-303.04870641751722,141899.0,0
27000,-284.98561334023145,149442.0,0
27100,-640.70824824843817,420479.0,0
27200,-403.52092203988383,210740.0,0
27300,-320.39661208444204,108759.0,0
27400,-362.35750562818595,137153.0,0
27500,-374.83313513587569,153967.0,0
27600,-424.0332506544533,199772.0,0
27700,-461.3821568251052,286078.0,0
27800,-302.8539753297008,107853.0,0
27900,-114.01454040523066,19564.1,0
28000,-203.96684051207609,52987.2,0
28100,-448.93851160759635,260866.0,0
28200,-342.18732563056392,125248.0,0
28300,-375.20930952159097,144351.0,0
28400,-209.20107224131502,58344.0,0
28500,-432.91104536079422,204237.0,0
28600,-262.78719985018563,90013.9,0
28700,-248.85824487180227,67507.8,0
28800,-253.93558455071295,77487.1,0
28900,-234.0398719111559,69596.0,0
29000,-369.52741828616149,148921.0,0
29100,-206.20120710375883,43018.9,0
29200,-464.83355120045633,247890.0,0
29300,-329.5201870442408,114096.0,0
29400,-407.69664072395591,176793.0,0
29500,-64.31417059327778,6747.53,0
29600,-380.85932070833906,235522.0,0
29700,-388.40107129754983,200114.0,0
29800,-552.75590271389558,314784.0,0
29900,-393.82216651753805,175565.0,0
30000,-356.49061054616112,149641.0,0
30100,-154.88021145813053,37775.8,0
30200,-381.44921702853958,205210.0,0
30300,-384.9518541812846,178605.0,0
30400,-470.8165716836528,257537.0,0
30500,-209.03822503470451,83624.0,0
30600,-390.84520348720639,226033.0,0
30700,-341.70402132015784,140307.0,0
30800,-569.33075987740176,357336.0,0
30900,-256.74230773264321,77880.1,0
31000,-288.35787743762592,96855.1,0
31100,-289.48978848415288,105081.0,0
31200,-190.05850063249147,45781.0,0
31300,-403.69557733846409,283684.0,0
31400,-508.81936310006608,276314.0,0
31500,-367.63610157517962,245105.0,0
31600,-317.66096149652583,135414.0,0
31700,-303.13050202908244,106903.0,0
31800,-300.22068987249315,105591.0,0
31900,-163.07079009376466,39293.2,0
32000,-330.25852616821959,136456.0,0
32100,-507.97327989714063,272248.0,0
32200,-484.69625362174133,278940.0,0
32300,-90.090355594176856,8959.07,0
32400,-320.77884279030093,123652.0,0
32500,-217.50967956432217,56950.2,0
32600,-676.77202857571979,521377.0,0
32700,-228.27028498930954,63510.4,0
32800,-137.54165080641675,24324.8,0
32900,-329.23537215105046,150596.0,0
33000,-538.64474618248425,302885.0,0
33100,-284.78345240440137,141458.0,0
33200,-257.53579505962205,86728.8,0
33300,-444.69116779636164,254099.0,0
33400,-75.452524845644973,8895.88,0
33500,-231.87681709403961,84201.9,0
33600,-154.23278286425429,46155.1,0
33700,-136.74958065969997,34832.9,0
33800,-337.67786117865342,131656.0,0
33900,-421.39808609022214,216869.0,0
34000,-237.65744982609434,96070.9,0
34100,-327.62745584373437,113726.0,0
34200,-214.93893514043572,74923.9,0
34300,-194.39403440064157,63775.1,0
34400,-398.55221896110487,185427.0,0
34500,-55.373366610948004,4977.27,0
34600,-233.57154889067158,73430.4,0
34700,-227.0875263886652,82958.5,0
34800,-95.924710034090154,10126.9,0
34900,-393.87395766220601,204524.0,0
35000,-260.28229008660776,76352.0,0
35100,-237.46158529570937,67630.9,0
35200,-257.13925403348327,99595.0,0
35300,-478.66197725266812,252985.0,0
35400,-228.84589210898784,65733.9,0
35500,-258.88913629376896,93006.4,0
35600,-569.15582299887171,347250.0,0
35700,-322.30909460179276,156285.0,0
35800,-264.58894168358586,120788.0,0
35900,-424.40684216949796,190676.0,0
36000,-536.73911095443998,362455.0,0
36100,-329.14019656854231,113774.0,0
36200,-327.19350505991554,115736.0,0
36300,-230.86613318668032,88230.8,0
36400,-285.44422694048666,90773.1,0
36500,-345.25423844632758,134234.0,0
36600,-348.01392423789918,141214.0,0
36700,-171.65595594245605,57791.6,0
36800,-234.15961648009244,76232.6,0
36900,-144.49032157127974,32449.3,0
37000,-136.3122835919477,32100.7,0
37100,-237.24126792271215,75962.7,0
37200,-281.63158736617174,120417.0,0
37300,-485.0147005008065,341644.0,0
37400,-342.90131581754468,138956.0,0
37500,-514.82191916145609,311925.0,0
37600,-210.30210119883955,56521.1,0
37700,-237.0925294151796,68207.0,0
37800,-344.40232394168152,137661.0,0
37900,-508.99408375978362,263958.0,0
38000,-183.95394612473501,43772.0,0
38100,-430.11947664051104,195127.0,0
38200,-534.91498996444523,371662.0,0
38300,-343.5236264638541,139157.0,0
38400,-229.0286337911258,67954.0,0
38500,-472.16145843824967,291476.0,0
38600,-507.35992080413996,296238.0,0
38700,-221.8401047351052,58068.3,0
38800,-450.70041220162858,231868.0,0
38900,-211.34058757304271,68076.7,0
39000,-379.11034491530512,193264.0,0
39100,-222.16233680536803,59053.2,0
39200,-323.14528430514321,135085.0,0
39300,-150.6212280916607,31426.6,0
39400,-199.28377427797818,66700.0,0
39500,-287.83691772683943,109265.0,0
39600,-301.09713736084603,104187.0,0
39700,-250.30889506718628,84083.8,0
39800,-229.07277561046715,67032.7,0
39900,-235.17597292307363,76822.4,0
40000,-307.75274828147286,144402.0,0
40100,-369.94919452581365,182616.0,0
40200,-515.33193593616716,272309.0,0
40300,-288.62799147260603,110676.0,0
40400,-227.05227480142756,62676.5,0
40500,-529.20701433333988,342910.0,0
40600,-70.799227243329369,7279.86,0
40700,-229.49144559922092,67289.7,0
40800,-251.90308883278499,71505.8,0
40900,-290.37060657919096,87810.3,0
41000,-362.59884279844425,142991.0,0
41100,-121.40064108513708,34676.5,0
41200,-411.2943944376741,225829.0,0
41300,-100.93356309988816,13540.7,0
41400,-577.92438486950402,348994.0,0
41500,-281.04227749570151,88244.4,0
41600,-510.81395432330032,285361.0,0
41700,-375.08854389627413,153059.0,0
41800,-276.1165309661888,129645.0,0
41900,-410.34910954693595,235446.0,0
42000,-311.99378126797029,102467.0,0
42100,-407.27480346753094,179071.0,0
42200,-439.67801021972542,208269.0,0
42300,-262.49232950066386,73358.5,0
42400,-243.85073556956743,74260.4,0
42500,-177.3104699161903,38831.7,0
42600,-497.60854669948037,264083.0,0
42700,-352.73011933117056,139497.0,0
42800,-325.70435969440058,138905.0,0
42900,-83.47126119470326,10197.6,0
43000,-220.2023991926666,60419.7,0
43100,-103.71416440819861,15148.8,0
43200,-272.43103783395077,112350.0,0
43300,-310.73987350904849,101064.0,0
43400,-208.67053240812388,59334.6,0
43500,-299.27981304938299,158391.0,0
43600,-417.68266412093777,181431.0,0
43700,-494.94865582034123,350886.0,0
43800,-74.33270977634055,7591.86,0
43900,-283.81434723117161,109694.0,0
44000,-551.00112798342639,330057.0,0
44100,-440.45144784069191,200398.0,0
44200,-467.23173709828478,252936.0,0
44300,-319.36778718403627,117791.0,0
44400,-172.48756464016185,39304.1,0
44500,-394.42195736237693,230208.0,0
44600,-332.45785670912613,129292.0,0
44700,-435.10406164077568,247196.0,0
44800,-299.5767511841982,152709.0,0
44900,-420.1242902257722,256098.0,0
45000,-317.75053375116158,128757.0,0
45100,-435.00514104514946,208375.0,0
45200,-127.72102436542393,27092.6,0
45300,-451.45998552755623,276624.0,0
45400,-260.17839337626333,75358.9,0
45500,-347.29784849786114,131605.0,0
45600,-295.91805569803392,169407.0,0
45700,-256.27296622050375,75164.2,0
45800,-298.88859646684818,101204.0,0
45900,-270.45596229194149,101247.0,0
46000,-345.98496820994586,138621.0,0
46100,-476.03972370877602,236589.0,0
46200,-270.3651224904936,90347.6,0
46300,-245.73581467625928,62479.8,0
46400,-461.09626655910216,218461.0,0
46500,-302.46139327785016,138075.0,0
46600,-394.21585225880619,166064.0,0
46700,-341.04116487612191,143439.0,0
46800,-467.19217894064559,257502.0,0
46900,-67.096721289069947,5571.08,0
47000,-245.4664714676743,64023.7,0
47100,-442.50564335576377,237436.0,0
47200,-255.19680646234895,69004.7,0
47300,-77.812628188536934,9937.47,0
47400,-95.780944140594571,15355.2,0
47500,-265.02212983987033,85737.7,0
47600,-303.99538034407385,131235.0,0
47700,-380.65434865026407,152279.0,0
47800,-266.94184964592097,81340.8,0
47900,-176.39560158925889,33123.5,0
48000,-91.077485101830675,14237.1,0
48100,-212.27403132736652,77605.1,0
48200,-416.81367698351971,220820.0,0
48300,-127.3951369900429,26870.0,0
48400,-98.213434328011033,19859.7,0
48500,-115.98046001483858,19478.6,0
48600,-140.54796231663846,23160.5,0
48700,-114.3689914743826,16786.0,0
48800,-171.04239136145546,41783.9,0
48900,-288.79927860128265,112575.0,0
49000,-291.7784211563212,100025.0,0
49100,-448.93724137675616,207318.0,0
49200,-342.65474897617912,170985.0,0
49300,-376.07241243588004,153163.0,0
49400,-436.73580222087935,261093.0,0
49500,-283.1735211095949,140442.0,0
49600,-259.1882313560584,79804.3,0
49700,-390.45429750949739,170343.0,0
49800,-257.97766457709105,98513.1,0
49900,-529.9954660902016,324423.0,0
50000,-269.16146524635997,102296.0,0
50100,-76.02160431383281,9807.95,0
50200,-513.93529944405282,293301.0,0
50300,-214.86360139357399,78859.8,0
50400,-249.6140158527968,79279.7,0
50500,-415.97826391545573,179118.0,0
50600,-60.712750621330585,4996.68,0
50700,-82.106626691450941,8581.98,0
50800,-391.37389783850483,197436.0,0
50900,-216.98290447976535,57434.3,0
51000,-415.68606175561888,229022.0,0
51100,-583.89223914131526,355702.0,0
51200,-308.73192227115743,122326.0,0
51300,-123.31946753519644,16630.0,0
51400,-452.72853356174329,250459.0,0
51500,-357.4621643527214,146045.0,0
51600,-446.39716303951667,266122.0,0
51700,-416.80372810676016,233218.0,0
51800,-271.82138033285042,79357.2,0
51900,-324.92250158401299,110311.0,0
52000,-178.37022213494566,45298.8,0
52100,-423.06684211894537,230582.0,0
52200,-354.16283236359601,136758.0,0
52300,-406.73191626845886,193950.0,0
52400,-103.00141032364789,15623.7,0
52500,-267.16061942196774,90033.1,0
52600,-308.77882714972463,113289.0,0
52700,-211.7757812888685,54304.6,0
52800,-264.95393962637689,101945.0,0
52900,-255.82231806885741,97292.7,0
53000,-309.93473982074767,107056.0,0
53100,-158.49995248576778,46478.6,0
53200,-435.25991273378264,262419.0,0
53300,-207.84055097158893,49473.7,0
53400,-451.98664420518674,215863.0,0
53500,-205.02486474764234,71688.7,0
53600,-442.65504569050347,217104.0,0
53700,-293.04369822168934,105472.0,0
53800,-217.03532473846965,68856.9,0
53900,-225.58638949941516,59008.0,0
54000,-342.36402837504994,129462.0,0
54100,-242.480977189101,84406.0,0
54200,-369.88041423487516,160486.0,0
54300,-246.10299197047246,79765.6,0
54400,-123.55921171829806,37892.1,0
54500,-204.87208298657563,61331.0,0
54600,-326.74621060090305,112180.0,0
54700,-272.32574558154198,83949.7,0
54800,-232.01335853786168,88219.6,0
54900,-258.98981393789984,84744.6,0
55000,-455.59901283588675,238243.0,0
55100,-258.340314717149,87304.7,0
55200,-258.57785411087832,97963.2,0
55300,-301.5838085587223,114305.0,0
55400,-329.59673950447336,119261.0,0
55500,-393.21362155123626,164845.0,0
55600,-575.45527536113843,337625.0,0
55700,-446.16821723433333,293792.0,0
55800,-520.51337271096486,281173.0,0
55900,-272.1098587155455,77329.5,0
56000,-526.3070119237708,292060.0,0
56100,-308.80081622166165,104926.0,0
56200,-347.90330582327476,163419.0,0
56300,-343.39619774038192,167127.0,0
56400,-224.69657718377158,54996.6,0
56500,-201.72619528143187,51121.9,0
56600,-208.42442797590627,63982.0,0
56700,-318.87309704862986,115978.0,0
56800,-536.54757140545155,331213.0,0
56900,-329.19237634503742,131533.0,0
57000,-197.20749200320188,49796.4,0
57100,-182.57076601413991,58026.9,0
57200,-565.00135611000405,320943.0,0
57300,-108.5210322715599,12957.1,0
57400,-249.37667609667417,69422.0,0
57500,-409.12311549711785,180627.0,0
57600,-214.82904237523738,66964.0,0
57700,-49.748385358382173,4270.33,0
57800,-278.55270122232508,78902.5,0
57900,-358.50387329937092,143315.0,0
58000,-371.60435709021391,199914.0,0
58100,-466.55274197502911,222123.0,0
58200,-262.91276585711307,74470.8,0
58300,-318.61180681213841,106857.0,0
58400,-124.84072317672194,30848.6,0
58500,-423.39612135147559,200356.0,0
58600,-455.886775388545,251438.0,0
58700,-325.58080673674306,119145.0,0
58800,-167.84358386554766,41069.4,0
58900,-482.96152372307,235308.0,0
59000,-164.74213493015787,51903.7,0
59100,-256.94602216733284,102317.0,0
59200,-186.64509629953648,49460.4,0
59300,-169.56653880454459,49018.2,0
59400,-594.91034955509679,380740.0,0
59500,-241.21187080129897,63647.5,0
59600,-298.93155327605513,92751.5,0
59700,-254.88562730042955,72100.4,0
59800,-267.78175985984393,114012.0,0
59900,-245.56845281326463,79809.9,0
60000,-338.26193350246706,158064.0,0
60100,-279.75431798784138,93481.5,0
60200,-202.30071331448639,67447.4,0
60300,-392.98239137508847,188264.0,0
60400,-476.64998703935782,279075.0,0
60500,-382.57079814107192,167954.0,0
60600,-225.98992794574227,57852.9,0
60700,-239.22626003162893,82446.7,0
60800,-112.5189368937771,21734.3,0
60900,-106.72312842285031,16835.5,0
61000,-156.21595899197098,48095.0,0
61100,-245.68372087110171,62557.9,0
61200,-317.78826399035734,190938.0,0
61300,-510.44652199844217,353661.0,0
61400,-422.62374601764463,192393.0,0
61500,-290.57778472270036,97066.7,0
61600,-278.06529605492477,86892.8,0
61700,-292.64500632827395,98882.4,0
61800,-219.88379598218802,56744.1,0
61900,-269.46795309968473,82390.8,0
62000,-363.40293896411043,138618.0,0
62100,-276.34594811279521,96439.3,0
62200,-180.4257662409056,50813.0,0
62300,-428.50325038076227,224305.0,0
62400,-346.87866851845013,132770.0,0
62500,-402.53338337764416,183705.0,0
62600,-519.66723015140553,287689.0,0
62700,-580.21127231258595,349208.0,0
62800,-433.21429132996377,200925.0,0
62900,-297.97852646518982,122636.0,0
63000,-404.83119313592925,267987.0,0
63100,-257.67239810867113,90838.5,0
63200,-274.50033450194934,137888.0,0
63300,-195.9132740870721,52710.7,0
63400,-252.66664472593638,127463.0,0
63500,-144.87082500492372,25459.1,0
63600,-233.65727148290756,60304.3,0
63700,-103.20171833477058,23491.2,0
63800,-187.2429147081132,57575.1,0
63900,-360.74118449372452,179441.0,0
64000,-285.43708018810463,111680.0,0
64100,-171.46299481622125,34840.0,0
64200,-250.03153985106709,67471.2,0
64300,-134.92188578291152,25861.2,0
64400,-149.481021974275,23339.8,0
64500,-230.50556007512617,79353.0,0
64600,-47.201855810668,7950.14,0
64700,-393.31542943653642,190163.0,0
64800,-443.1036864677684,236559.0,0
64900,-504.06884923026854,279690.0,0
65000,-186.21008590217556,52924.2,0
65100,-326.06579394186758,124125.0,0
65200,-274.07966526186675,101160.0,0
65300,-208.04292846026067,71459.9,0
65400,-381.72400217906704,195602.0,0
65500,-516.45453452199251,282058.0,0
65600,-566.81929551877943,366816.0,0
65700,-182.61924232817194,55971.9,0
65800,-377.71246161219528,156533.0,0
65900,-133.26978212107298,32545.4,0
66000,-298.32870650050813,94244.4,0
66100,-191.89175150334503,51941.1,0
66200,-318.60463959233022,114516.0,0
66300,-427.4940929164602,199291.0,0
66400,-355.41056550553725,161429.0,0
66500,-450.02514239999743,243894.0,0
66600,-303.32055818302968,116365.0,0
66700,-345.35048270672655,126018.0,0
66800,-345.54841696931288,202429.0,0
66900,-346.26228213055731,121759.0,0
67000,-288.82578892155345,119864.0,0
67100,-206.96944366224724,51219.9,0
67200,-431.86426189357388,197422.0,0
67300,-71.779816315555877,6631.27,0
67400,-542.03070506284928,311835.0,0
67500,-427.34340857150471,188467.0,0
67600,-430.37217962249019,209607.0,0
67700,-475.41624955340114,333778.0,0
67800,-302.73265636534705,92857.8,0
67900,-345.78495786351732,127366.0,0
68000,-348.38457922790252,179831.0,0
68100,-200.67540636595541,43187.5,0
68200,-446.0972503408513,223598.0,0
68300,-438.3334182121626,193442.0,0
68400,-229.03035960309023,58229.5,0
68500,-134.71487485719578,37277.4,0
68600,-409.82725522580228,202970.0,0
68700,-207.80199301842813,64364.8,0
68800,-323.96851978082543,194480.0,0
68900,-500.70992308648516,267773.0,0
69000,-138.18847488373567,38285.0,0
69100,-392.61211477280551,197444.0,0
69200,-195.21614613501541,77527.0,0
69300,-381.84819657139121,170963.0,0
69400,-302.83149165417927,106248.0,0
69500,-376.78267537150816,179340.0,0
69600,-449.33589805124166,229414.0,0
69700,-448.90256459945914,234018.0,0
69800,-448.53300429947791,238506.0,0
69900,-259.07035886808347,75313.3,0
70000,-352.47851126833325,126544.0,0
70100,-508.26126444697724,261048.0,0
70200,-440.76635426181463,203808.0,0
70300,-310.95815103180178,130854.0,0
70400,-300.39314722505111,107591.0,0
70500,-192.95850894851421,40536.4,0
70600,-361.21512554588276,191696.0,0
70700,-341.67711431185302,126766.0,0
70800,-432.63850692833114,207808.0,0
70900,-194.68100373697425,48992.8,0
71000,-482.09889427529072,247787.0,0
71100,-302.90969863381321,104216.0,0
71200,-209.7329695012001,54696.3,0
71300,-262.27479194648208,90433.1,0
71400,-152.56607702268414,32445.7,0
71500,-260.57720806023531,86764.7,0
71600,-463.26747244468169,225760.0,0
71700,-89.539387337699452,10977.1,0
71800,-507.31761904550882,274696.0,0
71900,-586.13407681560136,387248.0,0
72000,-536.28530693048344,341039.0,0
72100,-182.04155907616914,92642.2,0
72200,-208.4141419590778,50302.9,0
72300,-687.0648403264629,490366.0,0
72400,-262.25158475988241,92014.4,0
72500,-93.573051416052024,11430.0,0
72600,-261.96467672802527,80303.6,0
72700,-165.94802298864218,42324.6,0
72800,-536.55857175094445,309133.0,0
72900,-242.34269071994603,64157.4,0
73000,-285.99552904064086,103823.0,0
73100,-415.14937261776396,286032.0,0
73200,-193.02972571881682,43477.7,0
73300,-492.36063678680046,258975.0,0
73400,-355.05642148912005,197321.0,0
73500,-144.70249855708553,41011.9,0
73600,-207.71731018406976,59172.8,0
73700,-496.24146904669573,277382.0,0
73800,-126.61971597459177,23277.9,0
73900,-190.81227781590388,49202.1,0
74000,-137.40436541280394,31375.9,0
74100,-304.4016523596614,105291.0,0
74200,-383.08955228858775,156836.0,0
74300,-164.62479677198357,46673.3,0
74400,-163.96940140471358,32796.0,0
74500,-221.57585705232657,73757.2,0
74600,-669.3993737129457,519063.0,0
74700,-444.92499177457836,217484.0,0
74800,-343.17120275713501,152162.0,0
74900,-324.70568623098598,153732.0,0
75000,-265.58445160278012,113667.0,0
75100,-357.5032101994646,152413.0,0
75200,-332.66386910663408,138859.0,0
75300,-162.59974864631667,27598.3,0
75400,-553.71926430710118,309483.0,0
75500,-337.80853330345423,151098.0,0
75600,-373.47141095678103,144620.0,0
75700,-250.26813220844463,97626.1,0
75800,-145.01865981858651,39429.8,0
75900,-417.28652766648412,192567.0,0
76000,-134.85083218567021,36994.3,0
76100,-278.13706634280965,102490.0,0
76200,-253.32340572665672,72144.6,0
76300,-330.6187314281097,140345.0,0
76400,-305.45763135383208,96985.1,0
76500,-441.77658708865647,250670.0,0
76600,-351.63866657252061,152647.0,0
76700,-444.83165664167967,206524.0,0
76800,-242.61689854946198,84241.3,0
76900,-191.88193794792761,41076.3,0
77000,-254.39909850401892,68195.7,0
77100,-133.23203512626256,25999.2,0
77200,-303.18187825260645,173468.0,0
77300,-315.00660497015946,137701.0,0
77400,-287.00790396841387,137350.0,0
77500,-596.65937334431112,376858.0,0
77600,-264.91326807556464,77451.3,0
77700,-186.62790249194629,42425.4,0
77800,-474.63152696973208,233881.0,0
77900,-295.33171549171038,152013.0,0
78000,-298.30667833502457,135359.0,0
78100,-189.26107693579988,63541.0,0
78200,-123.43249929718517,21042.3,0
78300,-549.61792731272919,328328.0,0
78400,-454.83225769898979,223502.0,0
78500,-175.40222667009593,31607.9,0
78600,-319.92049623779303,112145.0,0
78700,-481.88059232385058,241742.0,0
78800,-157.37916968555913,46476.2,0
78900,-199.94874683219263,49646.4,0
79000,-331.51918852257563,127108.0,0
79100,-205.83679551935825,47185.9,0
79200,-262.33619114471071,93009.4,0
79300,-216.85355849962977,55428.5,0
79400,-441.17363637501114,209000.0,0
79500,-211.59184022944504,54144.1,0
79600,-325.56392628579141,160205.0,0
79700,-141.78865392528772,27271.8,0
79800,-200.58890176677241,53281.6,0
79900,-366.05387317590453,148003.0,0
80000,-143.73961860810607,29852.1,0
80100,-311.11836066465048,158406.0,0
80200,-265.05144078002172,110191.0,0
80300,-107.90847500670861,20920.8,0
80400,-268.98835239890974,92189.2,0
80500,-202.10502296248461,65660.7,0
80600,-583.17013906682678,390547.0,0
80700,-422.83833903907833,192191.0,0
80800,-257.87189751799275,109265.0,0
80900,-459.1164833520624,214256.0,0
81000,-201.58719034528153,70307.2,0
81100,-83.571187527203691,9494.0,0
81200,-333.72696293181599,132319.0,0
81300,-417.18300530620866,184869.0,0
81400,-212.32385539851609,47800.1,0
81500,-172.22974452390062,40162.5,0
81600,-326.91108085972252,117890.0,0
81700,-360.99064359482486,191069.0,0
81800,-242.81823641945456,79010.6,0
81900,-181.38097762180286,55228.0,0
82000,-235.60932891413842,75720.4,0
82100,-270.75517018202009,81298.5,0
82200,-310.51383935578127,140680.0,0
82300,-476.61847154681141,233253.0,0
82400,-499.47329578015388,266909.0,0
82500,-244.30589065176,82696.7,0
82600,-110.44337636406925,31970.8,0
82700,-738.30942916213564,562555.0,0
82800,-369.98879909545741,157796.0,0
82900,-227.34237145152733,76805.3,0
83000,-414.6097063305167,238147.0,0
83100,-368.80561374264153,158776.0,0
83200,-614.82976609878347,404591.0,0
83300,-332.87467549653826,142092.0,0
83400,-203.86674432145654,54637.4,0
83500,-393.98132737283231,166397.0,0
83600,-483.26980559532996,236828.0,0
83700,-262.80748180104416,77121.2,0
83800,-405.26127812623548,174626.0,0
83900,-113.1921405983997,16616.7,0
84000,-428.12439548366331,189039.0,0
84100,-324.73091334567567,119917.0,0
84200,-338.4261700327765,120004.0,0
84300,-157.07715879323987,30694.9,0
84400,-65.18287669477759,7245.02,0
84500,-240.41533094202748,69379.9,0
84600,-408.26915697681267,168627.0,0
84700,-366.0159386441274,147563.0,0
84800,-580.18351145203792,369175.0,0
84900,-378.33449768737506,168599.0,0
85000,-399.80962681487239,167315.0,0
85100,-501.46479832449972,266549.0,0
85200,-236.14942758677128,61935.9,0
85300,-425.97445572325142,197162.0,0
85400,-324.03520499046351,232453.0,0
85500,-198.83835732056744,43919.2,0
85600,-154.07618303140197,32104.4,0
85700,-412.39651488741919,180474.0,0
85800,-425.21327224524555,191786.0,0
85900,-174.96728072461104,35109.5,0
86000,-180.79111519927824,45773.0,0
86100,-316.92647701498845,104112.0,0
86200,-288.82146432846349,86175.4,0
86300,-322.8706502043504,105020.0,0
86400,-474.52650795851531,236945.0,0
86500,-543.10052699946721,308660.0,0
86600,-34.404242260564985,2237.4,0
86700,-343.58697759402764,121320.0,0
86800,-94.789806020018858,10428.9,0
86900,-342.40520916561331,117691.0,0
87000,-248.04196337368634,64456.6,0
87100,-581.51574027804043,379382.0,0
87200,-309.64070904464575,134675.0,0
87300,-112.23876003269635,14481.6,0
87400,-327.36881464538152,114905.0,0
87500,-361.50296140216329,135850.0,0
87600,-221.91742914272038,82412.8,0
87700,-382.99690845077038,184812.0,0
87800,-309.52944498015063,125862.0,0
87900,-369.15292341326892,169780.0,0
88000,-550.15476146988976,335240.0,0
88100,-513.81988065534324,276606.0,0
88200,-140.86355156827949,26073.0,0
88300,-250.63926570067454,131060.0,0
88400,-541.67916111235081,301459.0,0
88500,-374.49833575721817,191490.0,0
88600,-377.13562835487522,156270.0,0
88700,-112.22377801956192,16608.2,0
88800,-725.88330210942377,528371.0,0
88900,-255.14908969863444,78412.1,0
89000,-276.61761075763275,89814.1,0
89100,-440.87252042184411,298312.0,0
89200,-203.94757932684297,80909.0,0
89300,-476.88513759589836,266658.0,0
89400,-327.31189817715148,117654.0,0
89500,-174.26600990120565,42359.7,0
89600,-404.67260382370716,225620.0,0
89700,-477.14780582409099,244817.0,0
89800,-208.95104218903711,47766.3,0
89900,-134.73197461105417,33967.4,0
90000,-390.62263670982873,203092.0,0
90100,-358.24978181163715,206237.0,0
90200,-373.92721957853377,207846.0,0
90300,-365.38961728150616,144066.0,0
90400,-530.76260306455231,330054.0,0
90500,-364.76889582941629,146317.0,0
90600,-431.46355788114948,222245.0,0
90700,-298.82976363303698,99369.7,0
90800,-543.04583625303303,324353.0,0
90900,-494.58375574512155,307081.0,0
91000,-90.97923499116888,9502.31,0
91100,-239.11691753834276,58904.5,0
91200,-154.54411145332881,29024.8,0
91300,-513.27309477389292,313900.0,0
91400,-387.21548926863193,171219.0,0
91500,-221.92663856965308,74184.6,0
91600,-215.11498978424578,46514.1,0
91700,-279.51331674559486,89449.1,0
91800,-224.05538476594037,57317.3,0
91900,-261.40078388268051,83302.8,0
92000,-193.71255280901488,57424.7,0
92100,-292.04016294024819,112504.0,0
92200,-258.30218889254405,74000.5,0
92300,-252.92727323263543,99310.7,0
92400,-553.56730716743948,349960.0,0
92500,-253.82371600016111,67777.5,0
92600,-275.58747269835106,83823.5,0
92700,-432.95848853161414,209733.0,0
92800,-162.68790745611423,39063.4,0
92900,-610.42672434812437,382794.0,0
93000,-609.98221605884066,410111.0,0
93100,-206.86600970734489,44532.7,0
93200,-234.4363565585501,55433.0,0
93300,-388.45622687911055,152031.0,0
93400,-604.41204864347537,383250.0,0
93500,-202.04889422941528,44698.4,0
93600,-180.30953229217937,66694.3,0
93700,-251.87922120195526,84870.0,0
93800,-150.62382804381525,36667.5,0
93900,-476.99618108910079,240396.0,0
94000,-223.05653819036289,107891.0,0
94100,-224.83530140770276,61904.8,0
94200,-532.54111048335085,295454.0,0
94300,-301.04609793343582,92168.3,0
94400,-351.06631087602108,209268.0,0
94500,-268.00191794639187,78079.4,0
94600,-291.31613251763133,127801.0,0
94700,-400.06948319159807,173330.0,0
94800,-147.0887997282982,29771.1,0
94900,-205.10920849189418,44493.8,0
95000,-247.82829829028626,79701.2,0
95100,-405.95424635101352,215672.0,0
95200,-318.21011504796513,140654.0,0
95300,-599.17651251060681,371943.0,0
95400,-420.6196462690724,217302.0,0
95500,-549.02926693051268,303682.0,0
95600,-182.79915835847834,62989.6,0
95700,-408.1170074083937,176594.0,0
95800,-371.05605272772385,144334.0,0
95900,-203.57556735569247,65625.8,0
96000,-462.68484801763327,219674.0,0
96100,-275.86640052347695,89447.4,0
96200,-72.584592326733571,6056.21,0
96300,-202.36644618532574,50490.8,0
96400,-579.74575772512856,343394.0,0
96500,-631.17437075699945,402616.0,0
96600,-207.41262235498081,68035.9,0
96700,-462.55567738920683,229353.0,0
96800,-505.49302634476487,284497.0,0
96900,-129.62846846177408,24591.7,0
97000,-259.10944123987082,97990.9,0
97100,-457.41921329669128,211349.0,0
97200,-341.80546178717663,180925.0,0
97300,-380.83164598702837,168538.0,0
97400,-340.98068074553703,160709.0,0
97500,-42.998769680582861,1870.63,0
97600,-60.810428509482733,3847.75,0
97700,-52.181215859287356,4615.84,0
97800,-402.77055400832768,180043.0,0
97900,-283.5962158810986,95342.4,0
98000,-334.53904381694866,150811.0,0
98100,-133.6066718862935,33656.9,0
98200,-353.50949892217119,151015.0,0
98300,-25.119873499892108,2314.81,0
98400,-205.74909316434886,68481.1,0
98500,-266.52862434128212,74129.3,0
98600,-399.20623133962903,175963.0,0
98700,-517.66061249896131,370191.0,0
98800,-232.45734266130981,59982.2,0
98900,-104.2700038473985,28027.5,0
99000,-244.94597620570337,95281.3,0
99100,-311.24822687556627,114236.0,0
99200,-236.09167182155758,70062.7,0
99300,-440.6227457631885,243383.0,0
99400,-357.25569381535672,140675.0,0
99500,-220.96976183152444,51720.8,0
99600,-122.54259731154903,18026.9,0
99700,-188.38029094017315,43060.9,0
99800,-327.87852736852727,116618.0,0
99900,-187.83668094657281,44257.1,0
100000,-374.05183921659426,151076.0,0
