Timestep,Average Reward,C Loss,M Loss
100,-88.547554980753418,10721.3,37.2965
200,-209.64056046884127,54727.2,48.2496
300,-97.640099272747889,21144.3,77.1031
400,-109.72772180548165,15958.7,43.6677
500,-118.5968397990074,17479.5,43.6962
600,-221.60956183602721,50952.8,27.6887
700,-82.135111760692638,8916.91,37.4765
800,-156.20149224111927,24690.2,34.3033
900,-123.13887723352691,18176.1,63.1598
1000,-75.08154794892485,6649.47,31.4643
1100,-156.600041123658,32225.8,67.4149
1200,-191.05603088811498,37844.9,43.6805
1300,-255.35279884748954,72833.9,150.953
1400,-173.11245594489066,37460.7,93.108
1500,-134.90717080094117,22360.3,43.9172
1600,-122.28406173065548,19515.9,23.434
1700,-278.66608899536948,84589.0,109.203
1800,-95.650345048240254,13957.5,66.664
1900,-152.3393579296536,23822.7,43.7394
2000,-184.64736787626902,49173.8,94.8548
2100,-111.67554262524122,16296.6,34.2043
2200,-224.67876144431648,55365.0,70.0595
2300,-135.27065211824367,22719.3,54.1199
2400,-73.776226945989876,11929.5,34.8789
2500,-160.44640447177753,26437.3,48.4609
2600,-187.56649985632896,36874.2,46.4991
2700,-187.445869242431,39332.7,76.4112
2800,-72.990939714447833,8365.72,42.2632
2900,-135.8139385046598,20246.8,25.8801
3000,-93.110759269207563,9165.47,29.0793
3100,-29.446502127584758,1508.01,32.6009
3200,-162.00708544491903,29778.3,29.7426
3300,-144.85528928574649,23950.1,32.9675
3400,-210.85385648525335,53328.2,75.4789
3500,-157.74138104807719,24914.1,50.0484
3600,-116.35083681100919,14089.4,32.7644
3700,-160.97279043891317,26008.2,37.4772
3800,-40.740679933043225,4131.54,42.9617
3900,-133.78912231586153,22673.9,45.9851
4000,-67.500935671818596,7024.35,26.9115
4100,-126.72052531797318,19972.8,29.7004
4200,-126.00485536514473,16259.3,45.5548
4300,-177.29171012770246,44199.7,44.6752
4400,-178.03201467538031,32459.7,66.514
4500,-99.289321143308257,11757.9,44.1306
4600,-96.668414273660588,15798.8,65.8591
4700,-158.01394863321337,28889.6,61.1205
4800,-25.153528466640836,1438.79,47.6129
4900,-109.9515829005251,22859.6,40.1229
5000,-207.46454820141497,46747.8,37.9442
5100,-56.297232088208212,3586.8,31.2413
5200,-120.0513683549847,22216.3,32.0159
5300,-141.82423792346179,23039.1,40.0471
5400,-108.59555165361812,13818.3,48.5525
5500,-108.65658502726083,12117.1,20.6534
5600,-119.97554076164755,15892.2,46.4992
5700,-228.71823598247931,57190.1,36.319
5800,-33.671186359100808,1980.5,21.15
5900,-110.67234693511992,19465.2,82.5638
6000,-151.55298370941898,29737.4,74.6542
6100,-116.88070773311924,13525.5,37.6475
6200,-85.308370622810159,10536.2,43.147
6300,-154.81635062810145,38929.8,140.0
6400,-147.12985068308362,21732.0,42.1907
6500,-147.34642121635454,37660.6,110.985
6600,-278.69023157574071,79412.9,76.5482
6700,-169.48018844505387,28895.1,49.5678
6800,-106.6764587395793,12533.5,45.0193
6900,-181.09062906140204,43398.7,31.1487
7000,-168.12620796979263,31067.8,63.048
7100,-169.44906782207386,36662.0,72.2154
7200,-115.599231970883,16207.3,54.3627
7300,-162.49563322808658,29617.9,42.0601
7400,-95.804532504232228,13098.4,32.8794
7500,-118.21306289030835,21970.4,42.4016
7600,-57.439863368421591,4529.16,27.8474
7700,-192.67188864933519,57377.1,124.179
7800,-159.71066563869749,35085.1,136.054
7900,-171.74867936762828,32651.6,30.7494
8000,-124.49458004537701,15486.5,27.9947
8100,-66.457670631385085,5997.23,22.4325
8200,-170.6156969217987,41697.3,95.4731
8300,-175.69863212047684,31450.2,39.7409
8400,-56.750025607774923,5103.87,27.2482
8500,-101.0896660142886,20082.3,26.884
8600,-117.92161818114974,16698.1,26.0018
8700,-177.47895694093867,34654.7,25.4777
8800,-167.07115192593855,30155.1,61.7933
8900,-251.2251117892651,67673.2,52.7868
9000,-135.66333125162413,19486.2,50.1506
9100,-248.68499705104358,61580.5,89.3386
9200,-241.92906447526937,58791.3,56.5741
9300,-219.43402774146816,51907.7,79.4585
9400,-233.50100670001888,60998.6,41.3071
9500,-29.27801401791849,1572.89,20.8139
9600,-170.97503066080301,38029.1,61.4209
9700,-62.945490551042802,6391.41,25.5027
9800,-140.5176950013819,20710.5,25.9119
9900,-65.021150981191312,7260.32,44.5852
10000,-172.15363696601452,31585.6,60.6728
10100,-183.92577882021723,36133.7,42.2352
10200,-158.5722808638574,33693.2,26.6103
10300,-103.20235852458819,14086.7,30.6344
10400,-168.64764359792426,35893.3,28.7216
10500,-181.32697102839447,34785.5,25.2062
10600,-181.5069985666471,34174.9,40.6034
10700,-107.06745139183609,13870.3,35.3336
10800,-147.80999925481674,23841.5,38.2591
10900,-169.76874363791399,37978.8,87.9766
11000,-127.16976196163122,26276.7,32.963
11100,-136.60736979171298,19724.1,36.1252
11200,-204.69718051499729,50722.8,63.4154
11300,-196.02558114836899,62126.9,144.898
11400,-126.88906981296242,18618.2,40.7107
11500,-151.72656071039293,26319.6,24.4932
11600,-243.04391235106038,69555.8,57.9909
11700,-199.28519319400749,47293.8,34.3041
11800,-112.61167880898137,17815.9,36.7108
11900,-162.1270179632416,26474.7,43.3729
12000,-202.58195973383124,49085.4,29.9216
12100,-247.99205077263147,70340.9,150.69
12200,-284.42106811231315,82903.2,86.6531
12300,-163.77819003946911,29215.6,72.4649
12400,-99.472813953056217,11965.4,35.5443
12500,-172.06076829630391,31221.8,32.5233
12600,-132.8936181201276,20098.0,56.5993
12700,-89.849042899573107,8886.7,24.6844
12800,-169.68066389967495,30974.3,73.1078
12900,-57.355204544789629,5177.84,26.8028
13000,-137.77000821683271,20500.6,50.6572
13100,-172.86947150710569,34563.5,35.0956
13200,-155.47068532890114,24252.9,33.5174
13300,-140.94281708558157,24405.3,59.198
13400,-140.99390326336984,40726.2,118.532
13500,-94.923397629557385,15063.7,35.4309
13600,-158.92438081985767,32559.7,20.8694
13700,-168.14707766171207,34403.0,41.5796
13800,-155.39212868638154,28202.0,43.2422
13900,-183.73273750521082,37051.4,50.9674
14000,-130.1661544956485,18995.1,51.3889
14100,-174.29740113086052,37627.0,89.4815
14200,-58.493388443046435,9206.55,37.9396
14300,-98.353131683396569,18046.3,33.7991
14400,-67.837289897400808,6410.02,36.2997
14500,-214.29479348840843,49399.1,42.7521
14600,-45.794073618122582,3410.31,23.3101
14700,-63.346401638604263,7139.82,36.0007
14800,-88.240018185894002,8835.58,30.5583
14900,-98.410786187401698,11798.0,30.7144
15000,-151.49207304804585,23727.0,53.8235
15100,-129.56940909226762,29365.9,105.153
15200,-164.90773318639458,31250.8,32.7264
15300,-129.82281899660595,24263.8,28.6802
15400,-135.34706718734296,20579.0,33.118
15500,-48.364941377477301,5289.93,30.6945
15600,-85.371429384754322,9387.77,26.8716
15700,-143.97807214699492,24382.9,28.0602
15800,-132.6374298657334,21682.4,45.8502
15900,-73.250999985324867,7056.86,36.7883
16000,-103.35537974265448,13942.6,30.6352
16100,-197.4208166574366,39918.0,41.3456
16200,-84.701628353927674,8286.05,22.6819
16300,-79.71217203270416,7836.91,29.0823
16400,-94.768107547764515,10011.0,24.5352
16500,-227.25745506390822,65390.9,27.0559
16600,-183.9685281473997,38501.5,25.8105
16700,-248.24268043675437,67351.5,152.022
16800,-112.2890324336832,16373.5,46.3241
16900,-110.1716948122849,13019.4,23.6302
17000,-65.538784760854611,5333.32,24.6226
17100,-120.37787853326095,18354.0,53.0783
17200,-152.74282557000356,26213.4,18.2532
17300,-35.017216275016118,1323.81,24.2811
17400,-99.238129861086492,13283.3,39.1775
17500,-164.73414144817013,36004.9,26.6409
17600,-186.65124287423347,37527.6,62.9085
17700,-140.25425323723655,32325.5,49.6045
17800,-115.84366510090865,17712.6,30.7771
17900,-112.31535750879775,12876.5,36.6745
18000,-156.30964435545479,27808.5,24.7186
18100,-177.97794949151373,35961.9,23.4248
18200,-30.46021497951822,1319.69,30.7061
18300,-115.44885071909816,14858.2,30.8687
18400,-230.32650242651752,63772.6,32.4466
18500,-163.38269301981191,34334.2,20.1726
18600,-133.10966191237694,18972.6,25.8006
18700,-128.90209047470353,23319.2,41.6593
18800,-124.16092214131167,19214.6,58.7797
18900,-131.96448806690046,23669.5,53.6224
19000,-127.25402535698642,22046.9,32.2219
19100,-91.726420376234145,12313.4,30.5682
19200,-150.59595316389209,28117.7,31.6886
19300,-86.329767673535784,9939.13,35.8047
19400,-178.95533611784154,36494.6,68.7237
19500,-143.64982201805552,30346.6,32.534
19600,-74.376002414679064,11753.7,35.1032
19700,-142.18990540995893,21604.8,29.7605
19800,-100.42716200350478,13837.9,50.9025
19900,-231.1622552771004,57749.1,67.6442
20000,-100.4129129638663,16874.8,46.0785
20100,-171.91627636550183,31854.2,77.7405
20200,-135.00033515220045,19844.0,39.8893
20300,-52.278817574556605,5183.94,25.6547
20400,-186.11121496304517,35429.0,67.8933
20500,-112.14261840564328,14659.1,33.3528
20600,-150.91650473474991,23820.2,33.893
20700,-252.30180336996156,72906.9,72.6431
20800,-127.4146221168569,18135.9,19.9847
20900,-191.50377872831453,39608.5,35.9073
21000,-107.61952389998667,13430.1,17.7983
21100,-162.60637969651987,33387.7,24.0925
21200,-140.86545675095655,21597.0,41.6535
21300,-153.14119176460582,28026.9,21.9758
21400,-70.311116703464876,10386.0,44.5207
21500,-82.785590110563419,7853.75,26.7825
21600,-74.927211641140872,16056.3,33.7244
21700,-148.12962090679869,26509.2,56.8913
21800,-64.656382118120632,4788.75,16.6729
21900,-98.919069496023766,11280.2,21.8533
22000,-172.1654028887456,32643.8,53.6783
22100,-116.38355034679455,14183.6,19.0019
22200,-79.946678180935663,7843.94,26.3543
22300,-112.50729182935369,13136.7,28.5142
22400,-156.66007391559026,24654.3,43.0638
22500,-129.42604729102948,17892.9,24.4465
22600,-145.38524473865007,22425.5,34.8851
22700,-56.05611445282323,6241.99,37.7641
22800,-235.00873526240221,59040.7,42.0708
22900,-80.491108304408414,8823.07,27.485
23000,-101.86902555582591,15071.6,58.9796
23100,-52.849693018299746,3491.26,17.2081
23200,-147.19621168067926,23829.7,35.936
23300,-153.50346399524591,24043.0,25.1994
23400,-105.3609930121666,13558.3,31.4825
23500,-202.49201222265387,50905.0,88.5116
23600,-143.96165854872402,31782.8,105.256
23700,-193.15372062215158,41075.7,46.2223
23800,-128.59148208222629,20208.8,18.6567
23900,-133.36384945203093,18298.5,40.9529
24000,-138.64232577319115,21553.6,45.4843
24100,-70.4003297191298,5790.44,19.4035
24200,-154.96423223818965,26052.7,44.6369
24300,-237.76533585518976,64671.0,28.5327
24400,-142.20917679806286,33911.4,38.1879
24500,-194.09049873205731,48609.6,26.9242
24600,-145.07973734036935,30515.7,16.803
24700,-169.14394540180083,38437.1,30.5776
24800,-147.4017935518464,33087.1,44.4918
24900,-142.52110352231827,20671.1,38.5571
25000,-113.63598377535227,15972.9,25.6432
25100,-99.148927111300495,12818.2,21.6564
25200,-93.208150401782447,11444.9,24.5306
25300,-137.78791605138142,20700.8,34.6335
25400,-76.874563284614183,9691.97,29.8238
25500,-134.13038825317966,19778.5,20.8774
25600,-127.82803096425376,16674.0,36.9969
25700,-120.92196651165568,18032.0,41.3042
25800,-82.354579082967177,8895.93,31.5726
25900,-220.91457313557095,49594.1,44.1505
26000,-137.08966260007634,27637.1,32.7172
26100,-145.7045436875687,23316.7,40.9754
26200,-122.90344256037913,20251.1,36.0882
26300,-87.221201638109036,9609.88,22.7341
26400,-161.82606442614272,43414.8,90.1949
26500,-70.46791215349343,6734.62,32.4203
26600,-222.5583456441629,64366.7,57.1826
26700,-102.52099961960803,12178.5,36.2637
26800,-145.92998570991688,22463.4,35.1461
26900,-151.83256699596856,24001.2,33.9063
27000,-178.686910439532,33278.1,32.5794
27100,-215.10837428180574,48090.9,35.2818
27200,-95.221290374159651,13714.0,59.9834
27300,-172.24058079111023,35790.8,55.7767
27400,-137.13789162230032,22427.9,51.5774
27500,-82.310329021088734,7613.5,18.7948
27600,-118.66122526030614,23920.4,68.4879
27700,-108.64989543064561,19066.3,36.8922
27800,-176.89486027172205,34373.0,40.2104
27900,-126.81913255364486,18999.9,22.8506
28000,-90.83327775398871,9528.22,15.9167
28100,-143.03043568363441,25422.5,40.1028
28200,-86.539509255329818,7898.91,19.4021
28300,-113.16275538947744,13171.0,31.2578
28400,-175.37747982983561,42003.6,28.4839
28500,-184.96329713436407,48313.1,99.8772
28600,-178.10820252319897,32523.0,28.3901
28700,-64.295130320909337,6976.48,19.9273
28800,-217.23380491893502,48222.8,24.2441
28900,-131.24148696960995,19210.2,20.0249
29000,-121.35529936735128,17541.1,25.2356
29100,-109.75927053345593,13367.2,36.0212
29200,-87.578364646454617,10360.1,30.0262
29300,-159.7177138386551,26764.2,46.6469
29400,-145.85386375350686,28459.1,22.8918
29500,-103.68993447434512,14784.0,36.9891
29600,-113.6987100651574,16064.5,22.102
29700,-172.80139981644166,32172.6,78.6343
29800,-147.4164025831229,22251.8,31.7436
29900,-106.85413252968986,14923.3,34.5785
30000,-185.21092538518548,40360.7,34.7721
30100,-98.098538795833321,15458.0,17.8028
30200,-197.25669839327927,39598.7,37.3007
30300,-169.34829187784851,31339.6,80.8533
30400,-110.90186451488684,15267.6,20.3624
30500,-52.730032843544613,4676.09,22.4232
30600,-218.20607764237585,51098.9,31.4268
30700,-174.6450762793967,36340.9,33.2763
30800,-201.06328802759984,43816.4,21.0195
30900,-93.94753240053835,12008.1,30.967
31000,-136.69286675175852,22980.1,20.4875
31100,-90.609251600183057,12117.9,35.2051
31200,-198.82955307203346,43195.4,22.6187
31300,-47.832511739741093,3182.97,21.6655
31400,-183.08919976426222,34616.4,45.7203
31500,-183.60283085677167,41376.7,17.1272
31600,-89.785044514549796,11806.6,35.2915
31700,-248.20654470983337,63702.5,47.0904
31800,-93.846075502552083,13799.7,39.6849
31900,-52.230496602621457,5096.81,26.1465
32000,-94.154106030672935,10881.2,25.4812
32100,-83.783908945398849,8588.95,24.7353
32200,-160.06680560042807,28887.8,59.8318
32300,-161.28388828902084,31806.0,18.3563
32400,-166.69742068520355,30923.2,79.0546
32500,-146.50067400504958,23577.8,25.6112
32600,-156.37678810777925,26778.3,16.1527
32700,-165.68423909499771,36123.9,44.2685
32800,-107.87482903545384,15840.4,18.3608
32900,-132.24630439132901,22803.1,71.6374
33000,-145.95660010796439,24460.3,35.5257
33100,-115.03049360822561,14813.7,40.2979
33200,-140.72981578977502,31857.9,38.145
33300,-181.14103612392913,37609.0,23.0545
33400,-169.71568586645424,30164.7,20.9631
33500,-181.51080293769456,34814.0,29.4943
33600,-183.15547672772379,34711.4,26.9485
33700,-125.71672365885235,16832.1,31.4916
33800,-96.617982925564036,12485.0,42.115
33900,-129.17342035321226,19239.0,24.4245
34000,-152.52139744148695,24520.1,21.8032
34100,-169.23639505846478,31886.8,32.8204
34200,-136.36801965576541,19499.7,21.6959
34300,-84.605650853697156,8746.6,19.7248
34400,-106.76638294588467,15470.1,44.3234
34500,-226.68393192068822,66418.0,119.459
34600,-121.9054856302336,20499.7,47.1789
34700,-178.63591326225028,33682.0,55.1762
34800,-92.523672713087848,10033.7,25.4436
34900,-187.21931048714944,42476.8,86.4395
35000,-163.64715101061921,28157.2,26.9337
35100,-234.37818502453464,57305.1,27.4242
35200,-231.82395279126945,57224.7,30.2211
35300,-225.63981981521397,51665.1,70.3777
35400,-150.67227919923559,31513.7,30.4258
35500,-49.036299135845681,2967.69,22.6411
35600,-106.9086497793277,12209.2,15.284
35700,-95.681731603978946,9184.1,23.1212
35800,-178.59951852231745,36772.7,72.5266
35900,-151.582799798145,25592.4,30.4761
36000,-162.50710976869303,28997.8,23.702
36100,-228.95642110405402,60342.8,125.771
36200,-122.14094441438485,16455.0,20.2806
36300,-124.46184757340674,24505.6,71.9858
36400,-128.8101171224375,20804.6,23.7327
36500,-152.02275427560699,30093.5,26.5183
36600,-116.1496255262024,16276.5,24.2626
36700,-85.941368712827355,10909.2,24.6927
36800,-79.113389229413897,6992.46,25.0197
36900,-206.4370451053652,47439.2,46.3115
37000,-178.95483851573488,49735.9,24.6424
37100,-91.477596636435678,11633.3,24.2786
37200,-88.89967316713539,8661.72,18.2136
37300,-29.91421867077252,1459.53,20.031
37400,-131.45793347898615,18790.4,37.2687
37500,-90.213946090527685,9286.69,20.5454
37600,-43.995099565564445,2637.6,21.8111
37700,-162.12799524416039,27496.5,47.438
37800,-61.748926824524553,7409.86,41.9087
37900,-146.37629194923696,24327.8,28.5309
38000,-107.49027451311741,11952.5,27.8312
38100,-189.18617163992664,41111.7,22.9573
38200,-145.20987423304737,21716.9,26.6398
38300,-259.32228283127915,77388.2,26.6874
38400,-52.433227762781826,4374.55,20.8605
38500,-119.98022013335296,14673.4,22.6344
38600,-129.44932057384366,17854.6,28.7669
38700,-226.06563800598829,51880.4,45.2712
38800,-153.49588020748516,27591.9,35.8234
38900,-203.45696735255487,42260.8,67.2874
39000,-127.63376896328465,16517.7,22.7786
39100,-135.61577713258103,22853.9,25.4395
39200,-105.31552226108548,12156.3,33.6546
39300,-128.70585421689862,27083.2,19.6533
39400,-58.842478839435017,5046.21,20.2103
39500,-70.960750436536671,8375.25,21.5375
39600,-209.96212717187672,46277.9,30.0562
39700,-133.38732089007567,19676.5,23.2248
39800,-69.979451593168847,7418.35,19.5755
39900,-63.836590688682563,6332.2,20.0018
40000,-111.28694632092075,15514.6,42.5455
40100,-123.87802089270092,17199.8,31.158
40200,-128.70485134209119,20343.7,55.4487
40300,-59.54866909744311,5652.96,21.3825
40400,-186.34076508265397,35411.4,32.9847
40500,-117.65700518366479,18059.9,26.0573
40600,-120.83698313611649,18827.8,21.0814
40700,-278.09306325239749,80197.5,45.6272
40800,-139.42006848339642,22692.4,66.9423
40900,-99.700126145312595,12631.1,23.7605
41000,-94.270162926654933,9421.07,24.5968
41100,-90.061671497735247,8717.22,16.6547
41200,-94.863262148941104,12588.0,20.039
41300,-184.80480484353444,41900.7,94.8215
41400,-116.29279619698271,17300.9,50.6264
41500,-144.87843030047961,21252.0,26.9851
41600,-107.88952520997918,12084.2,27.457
41700,-123.1802371496557,16151.9,24.9552
41800,-172.89285219348653,32685.0,28.8563
41900,-104.46341044761658,12081.4,29.3789
42000,-226.21005870580402,54920.5,63.5026
42100,-136.62094684205726,18710.3,34.1589
42200,-116.38183503740557,19250.0,27.7595
42300,-167.77792164600606,33993.6,23.728
42400,-223.9180574253113,52212.3,29.3661
42500,-163.62496014670299,27389.9,40.4914
42600,-40.844684412103376,4527.89,33.7636
42700,-118.32580988004132,14854.2,20.1316
42800,-156.79716654216423,24738.5,30.3255
42900,-198.39713586378247,43791.9,24.7384
43000,-146.28438222589202,26906.7,39.1761
43100,-49.038724032036747,2582.22,16.2734
43200,-83.920111521319299,10607.0,20.5212
43300,-162.67463368106931,33543.0,19.3547
43400,-71.754587879388751,10055.5,20.4696
43500,-128.81928865822425,17266.2,33.8165
43600,-111.40364753688591,20093.6,27.6291
43700,-150.32635487316347,26715.6,60.2275
43800,-50.876967166418517,3303.02,24.5081
43900,-221.76438582327529,57381.6,23.5875
44000,-195.75893325525206,38148.3,39.3245
44100,-69.41400137339177,10939.5,26.9538
44200,-114.45058355741139,14999.5,29.53
44300,-87.629930367231538,8872.84,16.1525
44400,-159.38958603171466,33344.9,82.039
44500,-131.20405466266112,17322.9,17.6429
44600,-199.56540863267929,39758.2,41.9378
44700,-110.91424622363536,12797.0,28.4743
44800,-228.94828908291302,59109.1,21.1046
44900,-153.75599752664937,24280.5,21.3766
45000,-123.45407322785695,19601.2,21.9478
45100,-82.653424015343788,11651.2,17.9708
45200,-112.7809080125179,19364.5,32.0537
45300,-103.39665904290864,10947.1,29.0794
45400,-92.085390627245999,14096.9,36.3258
45500,-140.66416535539,23878.5,15.1629
45600,-142.6595286027223,24032.3,25.271
45700,-92.333624326719075,13143.0,22.8642
45800,-105.03961222488132,12655.6,31.9667
45900,-162.86462622023885,30482.1,55.4419
46000,-132.81332306321275,18329.2,30.945
46100,-255.81742365613701,66899.9,52.13
46200,-112.75528362956656,17089.2,30.7053
46300,-208.13347829943265,43459.3,47.3182
46400,-115.32896675365653,13844.4,21.6347
46500,-72.796415922255562,10442.4,48.0081
46600,-185.52962026482922,35567.9,39.9812
46700,-208.0784441561749,43996.6,43.2897
46800,-147.34687704452492,27744.4,22.6012
46900,-166.746081986836,29798.8,23.7304
47000,-129.64629121807292,17169.4,30.499
47100,-120.94849311522972,16769.0,34.158
47200,-88.653847112654532,11459.5,29.1008
47300,-68.169058345478646,6384.37,20.271
47400,-98.088042780000961,12424.0,28.837
47500,-41.736812885803459,1978.39,14.4809
47600,-167.61237125893928,40537.7,73.6099
47700,-134.29143658708495,18571.1,14.1229
47800,-149.031363831151,22713.5,23.2878
47900,-212.72189934051653,46617.9,21.8845
48000,-153.21982135113555,23649.4,30.3362
48100,-95.399921711935391,12160.5,21.2913
48200,-142.29749542983313,21764.1,21.5352
48300,-114.73372210811091,13905.7,34.0188
48400,-42.765655667031567,3720.19,20.2722
48500,-167.13540904614806,34035.8,14.1446
48600,-191.01540289829077,40123.9,33.1061
48700,-158.55399074942102,27294.6,18.7194
48800,-92.782177636978929,10837.0,42.0429
48900,-157.34203243597764,29269.7,23.2507
49000,-57.78221399871957,4456.62,17.6276
49100,-67.139941685480977,9433.06,30.1632
49200,-144.11247746095347,22684.8,30.5332
49300,-164.61347774461279,30529.2,21.4004
49400,-124.53536801869373,18421.1,37.4984
49500,-156.14567519377769,25623.2,19.2883
49600,-141.23686112679093,25400.7,19.9662
49700,-89.932025145121003,8761.58,22.8652
49800,-74.055916199886099,5875.48,25.1029
49900,-165.14410311167575,33161.3,21.936
50000,-188.81624093609818,35988.0,47.3724
50100,-199.66602081114723,42934.4,20.9902
50200,-205.95390828343409,44166.3,71.6273
50300,-210.82454333958725,50256.3,27.4681
50400,-157.01548002241918,28286.7,21.3458
50500,-172.84069280188658,30701.9,25.3111
50600,-197.57609575348059,42291.8,22.1036
50700,-127.41156356958622,18377.3,33.1243
50800,-124.65684778632991,24722.6,20.2976
50900,-110.61397922963459,12545.0,16.0474
51000,-155.57881221413112,25682.8,36.9097
51100,-243.80551031154016,69214.2,17.5897
51200,-80.090894573148148,7752.94,19.4092
51300,-204.03950812434516,44290.0,16.4746
51400,-178.26165026663799,38776.7,85.9641
51500,-140.40814918074949,28869.1,30.3997
51600,-112.20389611156966,18095.1,22.9119
51700,-86.57777930149318,8414.8,18.5022
51800,-115.80894434090962,16743.7,18.4179
51900,-149.68266537850639,24397.5,17.0551
52000,-174.65809166795813,34762.8,27.0105
52100,-149.44817453740538,28534.8,47.9964
52200,-72.514646502546668,9087.92,24.1186
52300,-90.436143663073395,8892.75,14.7101
52400,-126.00200362407797,17884.0,26.7935
52500,-94.099891342971489,10312.7,30.9256
52600,-106.34362973684537,16642.6,39.7435
52700,-128.65756868884154,17634.8,18.6818
52800,-251.95064985979272,68658.3,25.5316
52900,-161.29060733500665,27197.9,38.3439
53000,-116.39671129482552,16622.0,20.1127
53100,-198.13953185017527,40194.6,26.002
53200,-104.00901329012568,14451.7,23.332
53300,-20.123888924075793,601.588,25.4018
53400,-136.91348166160239,22202.8,56.1955
53500,-127.29524643837048,23339.9,24.1317
53600,-129.82538682345569,24956.4,28.2571
53700,-152.67728356289069,30433.8,53.2147
53800,-165.28086254283738,32568.6,33.5498
53900,-114.42110469656338,24833.9,23.2401
54000,-35.637121352222209,2307.79,19.9548
54100,-65.138790383849269,5825.98,16.6431
54200,-90.390552185415061,9221.46,18.2181
54300,-85.945459828942134,7925.14,17.33
54400,-63.055761666362017,7684.94,28.2183
54500,-173.89892513598789,42378.6,82.8439
54600,-83.72880505675235,15445.6,62.6973
54700,-141.97927258403789,29849.0,25.2741
54800,-98.28442912218334,9631.36,16.8782
54900,-43.963492466158606,2146.75,17.2529
55000,-40.869517942394864,2411.8,15.8211
55100,-149.97154671950591,28907.7,12.1905
55200,-175.66734071404721,33536.5,19.0091
55300,-82.320688597287699,12837.5,29.2134
55400,-118.73140239820854,19523.5,65.8402
55500,-125.35625486729343,16595.9,31.4559
55600,-122.35389450348988,15778.7,29.51
55700,-132.207301404101,17669.1,16.1972
55800,-216.66017035374381,47160.9,42.2681
55900,-72.733375868911224,9070.22,32.84
56000,-112.05101511248726,12964.2,25.984
56100,-156.38639385317973,25004.7,23.1988
56200,-167.40356555572814,33134.8,36.4156
56300,-90.82398451036191,9868.7,28.6862
56400,-104.45181628880704,12316.0,35.3998
56500,-176.28299781512069,35050.3,14.5496
56600,-71.919173604852219,12222.6,51.3366
56700,-49.413386482228979,4306.7,23.251
56800,-89.980341766696128,9026.82,19.3149
56900,-137.60542425394988,19228.3,12.5824
57000,-71.576493771717665,6913.72,17.134
57100,-34.712474761248686,2640.79,22.7254
57200,-185.48636986447309,36877.4,30.7136
57300,-51.320710802195492,4364.34,19.7765
57400,-60.917797201249449,4755.96,13.2923
57500,-91.100654124457634,16860.6,30.1694
57600,-195.81106006924719,42925.4,21.1064
57700,-226.91711266265054,52524.0,43.7426
57800,-131.98660768732162,17467.8,19.849
57900,-128.05578154709883,18153.6,17.4622
58000,-131.77041185370902,17802.2,21.3662
58100,-163.03327633754208,29394.1,21.1936
58200,-171.84993296452797,40888.5,21.7436
58300,-91.472841073932599,10483.9,29.9625
58400,-162.94564540863311,29919.5,24.6495
58500,-116.63716710417656,15188.5,22.3471
58600,-175.31875132184439,35692.2,16.1492
58700,-200.38455494579929,40471.2,23.6372
58800,-92.727154916929479,10649.2,20.9711
58900,-217.47860382604532,48221.5,39.6972
59000,-71.037623402467887,5621.55,21.2138
59100,-129.73106786913107,17300.5,29.2866
59200,-117.5581346368286,18058.3,21.0506
59300,-187.24624257742983,38332.3,17.2688
59400,-116.64374741653128,20718.4,59.9525
59500,-118.56000648662217,16559.1,24.1841
59600,-69.965283199938554,7776.67,24.5841
59700,-246.65645839791804,64063.2,48.2422
59800,-55.387018800684388,3339.47,16.2269
59900,-156.66639167867552,27064.9,15.649
60000,-127.63709289400198,23017.3,21.3717
60100,-220.65895000219527,50399.3,30.8084
60200,-149.95685074329919,40362.6,73.9007
60300,-143.78168386743192,21018.8,28.7869
60400,-189.55043824778511,38251.4,34.0578
60500,-141.29087549840759,21101.1,29.6585
60600,-162.77568205049019,26696.7,27.6951
60700,-154.90373386733754,31352.1,17.9384
60800,-111.71456151540563,14354.7,18.6182
60900,-161.50485754148974,28353.3,22.6299
61000,-203.12421992787537,56396.7,101.142
61100,-140.93716287451679,35340.8,53.2588
61200,-194.22205649551171,49419.0,16.2448
61300,-93.117022960390969,9657.02,14.1563
61400,-158.43020941965509,29027.7,17.2464
61500,-248.53498833211503,63464.5,87.2448
61600,-59.884340436529889,4009.85,15.8368
61700,-87.13996962497265,8584.03,14.4376
61800,-142.61843159232097,22885.7,49.0524
61900,-50.609418446891944,2861.94,12.4827
62000,-87.523652751517588,9976.48,29.2485
62100,-203.19710907385618,47691.8,19.8828
62200,-109.63807879066968,12647.0,19.9217
62300,-166.57723304401409,28216.3,31.3233
62400,-184.95075349628038,39809.9,36.3757
62500,-107.10868560082133,16693.5,11.6361
62600,-91.341591864741972,8715.45,19.0007
62700,-103.50586254883643,11849.6,31.695
62800,-168.39784709914488,30642.7,50.5981
62900,-146.81074869436148,21945.8,32.2472
63000,-149.91679397314027,27301.0,11.5639
63100,-225.28757147412111,56701.0,54.7924
63200,-160.37430434250848,28246.3,16.8774
63300,-98.061422636547178,12199.7,21.5512
63400,-160.16702552469854,29859.7,50.788
63500,-119.47303774525952,14504.2,20.299
63600,-117.3928988284344,14237.3,18.7949
63700,-137.78338810392955,20949.5,13.4218
63800,-144.75484095041224,26377.6,16.0859
63900,-68.245921324581971,6358.06,12.1706
64000,-159.29004420647129,26025.0,24.2461
64100,-82.581614158811419,7316.81,15.5293
64200,-91.591966898462701,10375.5,21.6227
64300,-139.98512458905918,20331.6,33.7065
64400,-99.904157638681397,11851.4,13.3446
64500,-179.23422695451049,39247.5,15.2172
64600,-72.84408092770505,5397.82,15.567
64700,-99.036166268773783,10053.0,28.6459
64800,-105.3835027690666,13284.2,15.688
64900,-200.78449813351313,41591.8,48.1007
65000,-118.52459995398894,18737.8,53.1887
65100,-186.90826024964088,38242.4,45.9761
65200,-134.91497473777517,33427.2,20.6216
65300,-105.3890686803511,11748.3,19.8291
65400,-57.701710863988019,4263.5,13.9836
65500,-196.64133529685034,38981.7,44.7496
65600,-45.457365925734358,5407.31,22.0531
65700,-92.424799899236021,10660.2,12.2754
65800,-180.26366350420088,34625.5,39.2704
65900,-125.25571088151773,17815.1,39.1613
66000,-112.33727695041138,13852.3,16.4869
66100,-84.430076755923068,8472.73,18.1732
66200,-120.73577097587595,19074.0,23.622
66300,-143.5235503717135,20495.8,27.8007
66400,-160.9897084708555,26924.2,42.3007
66500,-229.85968434472747,62126.5,20.0769
66600,-150.5741044632386,24242.5,25.2433
66700,-49.140443912560393,5361.41,18.7423
66800,-169.78496497935615,29692.4,23.7672
66900,-19.346268739990634,1060.0,21.9585
67000,-174.09641719833192,32171.6,26.8465
67100,-146.85369040325151,24928.7,13.3668
67200,-120.82730302554324,16248.4,12.4738
67300,-125.29822877935351,15894.4,11.5367
67400,-240.76381986301018,59292.6,33.4973
67500,-83.274132601514836,9722.82,33.3085
67600,-140.77277883001057,21979.5,19.9102
67700,-73.207965830180498,8489.41,20.4924
67800,-167.93925171810494,33155.7,13.4282
67900,-69.338187992253481,6142.17,16.0415
68000,-143.91255496347839,20903.8,18.9258
68100,-108.19119106414638,12779.2,12.4794
68200,-136.29231685403417,19786.4,31.2175
68300,-155.45545819710421,29718.4,15.2458
68400,-39.558854050645245,1911.7,10.1828
68500,-177.42075741862504,35155.3,54.4666
68600,-61.018952532643425,4071.37,12.5577
68700,-210.75677902106005,47486.0,30.3154
68800,-195.59702085260261,44463.7,16.8351
68900,-93.802479302044162,10110.7,18.0598
69000,-195.82958239965899,42617.4,11.736
69100,-131.57360855090567,21233.5,32.3271
69200,-158.1228218206476,26423.4,32.932
69300,-179.84919336073844,32336.3,25.7542
69400,-151.19548164632482,28995.4,15.2057
69500,-193.11608856999189,40021.3,11.4633
69600,-94.475847640122339,17726.8,66.3544
69700,-51.172583129125513,2815.64,16.3126
69800,-107.64617922074915,19134.0,27.4952
69900,-124.2679289515565,16699.2,12.6939
70000,-152.23118022667794,26035.8,28.3385
70100,-166.67638273836965,34406.1,14.5308
70200,-111.68498418323456,13482.1,18.1236
70300,-159.80427199228265,27393.0,24.9144
70400,-66.76012096971715,6370.77,15.5285
70500,-91.814797534036074,15845.7,15.6591
70600,-66.52456300800354,6456.59,14.6477
70700,-81.960634121779051,10128.8,31.2339
70800,-60.676442312259425,6703.93,23.1799
70900,-107.33941834091621,14513.4,27.1801
71000,-132.13843292508619,22893.9,55.7765
71100,-134.62077919538683,25732.1,49.7878
71200,-163.19896271372127,30740.6,38.8576
71300,-186.92001678564645,37101.1,31.8784
71400,-76.507700597708038,6024.28,15.697
71500,-211.18679835995235,53046.3,16.1052
71600,-273.29016801840305,74101.0,59.1138
71700,-244.83688476527354,65483.2,17.1691
71800,-175.78917527522393,33538.9,50.2423
71900,-82.47566267166485,8620.64,17.0283
72000,-97.188146374700125,11119.0,19.0117
72100,-186.00782484334977,40626.1,17.048
72200,-89.035561901075894,9995.43,31.4562
72300,-137.19717393835691,23584.2,28.971
72400,-189.88699885012997,38685.4,25.1306
72500,-224.1476281180625,65862.7,14.0644
72600,-145.74127208708819,25199.1,29.3272
72700,-100.03391715383245,13044.4,32.3725
72800,-109.68967680929536,17863.0,28.1896
72900,-235.97552122290449,56343.8,22.9299
73000,-125.28177526707428,17122.8,19.8529
73100,-124.50415920844915,18915.4,21.5038
73200,-150.42525993069691,26268.6,12.0032
73300,-60.440613177701806,4644.35,10.0162
73400,-108.20183350194617,12385.7,13.3975
73500,-119.47632346418783,21818.1,23.3979
73600,-125.2076552205566,17131.0,12.5081
73700,-157.51542185001563,25412.2,25.9242
73800,-60.360007538458724,4272.97,16.864
73900,-240.59259660547966,58172.1,44.9725
74000,-102.71525968398477,16610.6,23.8325
74100,-84.182493224449161,8607.46,25.6935
74200,-133.54017505772944,21078.6,51.0669
74300,-149.7356837993396,24287.7,43.5638
74400,-112.87371203355202,16233.7,11.2926
74500,-128.11151469537796,22820.2,47.3486
74600,-166.37496033692457,33074.1,14.3734
74700,-82.131339050392185,7217.29,15.5623
74800,-64.189175500390391,5185.65,15.493
74900,-175.17334042804106,40279.4,15.108
75000,-107.79717028378666,13609.9,27.1168
75100,-70.901248496883781,7151.51,18.9597
75200,-95.635549139449921,12414.4,14.12
75300,-129.26159075697379,18716.0,51.2806
75400,-167.38086493829479,30096.3,14.6334
75500,-81.06684668317277,9417.27,26.1591
75600,-109.3757690025955,14406.8,23.9715
75700,-202.94689941385127,50839.9,125.465
75800,-83.589232180780741,12417.7,42.3477
75900,-86.263197020001158,17205.0,64.867
76000,-149.06764027753329,29034.6,65.7265
76100,-148.66384451863706,21874.2,22.9032
76200,-203.7597140928072,43784.9,16.2573
76300,-109.75878420673511,11866.2,25.8057
76400,-148.79252704212476,23043.3,25.5016
76500,-134.84930424796642,18128.2,18.6995
76600,-128.29981924589836,16929.6,24.3189
76700,-140.33637051068845,22745.9,16.1588
76800,-127.1097184853836,20926.4,23.8827
76900,-16.965010156135939,446.065,16.669
77000,-96.530158893093997,10835.9,20.9824
77100,-104.87564151640493,12257.0,19.8055
77200,-61.881446380088981,4708.12,15.9615
77300,-144.95184026335971,22936.5,18.8777
77400,-177.2094725097657,36794.0,13.1376
77500,-173.44988549327718,35184.4,14.994
77600,-143.3352394789103,26535.4,40.123
77700,-202.14635512632074,45463.0,28.647
77800,-133.64189645753493,27006.5,53.6978
77900,-91.628042600874238,9709.46,19.7312
78000,-179.44894853234692,40542.9,19.6397
78100,-100.35462288345224,12480.0,21.6713
78200,-179.37678162904132,32954.4,19.3827
78300,-106.99742563778118,14008.8,25.7332
78400,-82.547467955845804,7950.44,21.2157
78500,-114.24040028628752,14067.9,23.6228
78600,-162.60427109836928,28958.6,27.5606
78700,-182.3281751235584,33383.3,49.2921
78800,-165.78703514752223,31937.4,65.8207
78900,-18.394021160203515,767.484,18.7913
79000,-83.696317364509639,7448.66,10.0398
79100,-159.42648524279588,26731.9,21.9915
79200,-200.35329656980318,40392.4,42.4957
79300,-127.80548237272134,16924.9,18.0051
79400,-32.014152109056361,1469.95,15.7853
79500,-106.66004234804555,11430.8,20.7725
79600,-181.50504234321409,37485.8,68.8988
79700,-28.49236608508949,1052.21,10.0643
79800,-119.22643236249316,14995.7,9.44611
79900,-68.506936070453577,7487.29,24.4909
80000,-102.41854989681808,11078.0,11.7703
80100,-32.744926009999624,1485.83,9.74525
80200,-38.081895877696404,1434.1,9.69377
80300,-112.21457956820983,13043.9,15.8661
80400,-89.264428088163044,12468.8,38.3771
80500,-154.44313153317248,23573.7,22.6243
80600,-126.64086041415821,17077.5,28.6245
80700,-113.13438957880126,14323.4,26.7718
80800,-134.67935017461289,18301.5,22.237
80900,-89.427245554581276,7960.66,19.467
81000,-146.11993767626464,22955.1,23.6056
81100,-59.67836533752962,3509.37,8.86042
81200,-145.33373638651324,35875.7,68.2159
81300,-230.66200795734636,53224.1,32.818
81400,-216.82440548876136,47737.3,29.8412
81500,-64.443625687465996,6358.99,14.1146
81600,-102.13641195324129,11369.5,19.5193
81700,-91.304640775033889,8864.5,28.3116
81800,-164.68943804971306,29112.7,24.213
81900,-113.35989618976518,12816.1,19.0144
82000,-167.26799736370566,27718.6,23.3971
82100,-130.29705914387387,17990.7,39.1712
82200,-169.34308143709166,28854.2,23.9917
82300,-136.33634320051632,24775.4,66.6142
82400,-100.69384271414251,10537.6,11.2201
82500,-188.83078407152138,36327.0,23.7783
82600,-202.76149397644565,47006.2,23.5121
82700,-135.46008239151951,18678.3,11.79
82800,-94.058754805678674,9794.04,20.7838
82900,-119.38169846474767,14546.8,13.2964
83000,-167.05297183550721,30659.6,15.5412
83100,-101.76926898828333,10692.6,15.0186
83200,-70.831505246376167,6955.81,21.2323
83300,-110.01416800812773,13665.5,7.70818
83400,-219.95517294367477,48889.1,41.1768
83500,-173.46949888724387,34843.6,22.6294
83600,-187.87088289270042,41289.6,22.2563
83700,-204.23445256055172,61437.1,20.9448
83800,-88.011102346659044,8212.7,16.5971
83900,-138.70004445054835,23384.1,33.5491
84000,-157.88329438526137,25272.0,33.409
84100,-244.48520052827155,64408.0,21.6331
84200,-114.05651568069693,15014.8,14.6713
84300,-131.01347793733316,19734.8,48.4059
84400,-133.1050091700269,19117.2,15.8315
84500,-159.4691759558732,26762.4,18.23
84600,-130.30762013063978,17512.7,32.2168
84700,-79.282549850076208,7560.04,30.5172
84800,-135.36337192219125,21385.6,35.1034
84900,-191.62945252009905,44537.7,16.7526
85000,-192.63821670728311,37415.4,19.3414
85100,-147.33241247363151,24315.0,11.0834
85200,-74.437169811877823,6824.21,15.3975
85300,-228.6113931615397,52293.6,36.7216
85400,-135.03443023979986,20741.0,29.2147
85500,-134.41864986511399,26076.7,17.6018
85600,-132.2059913298479,17712.1,11.2004
85700,-244.90577512833829,69777.0,15.4452
85800,-91.946777029001822,8950.73,14.5988
85900,-106.09506418461977,11798.2,22.1291
86000,-188.42818677026898,39216.5,65.2818
86100,-119.03340914876797,14725.9,12.7452
86200,-64.510731952640896,5431.3,14.0468
86300,-119.26051836458311,13996.7,15.623
86400,-74.062611567289082,8344.82,20.8193
86500,-173.53113312250608,36138.5,76.0474
86600,-110.42035102630915,18903.0,56.9702
86700,-192.80471610341218,42336.9,9.82541
86800,-87.851450868488641,8286.05,9.51331
86900,-96.030238432684598,10768.7,15.6963
87000,-103.01561422466263,11321.0,9.47966
87100,-117.68929822013584,14286.4,24.7631
87200,-155.26334345228017,23886.0,24.4121
87300,-180.92349467906791,35003.9,11.7503
87400,-159.97466125241317,25917.9,40.6313
87500,-129.78485268681337,17676.5,22.3725
87600,-189.70677897192434,42173.4,13.641
87700,-144.31148777070328,24007.4,15.0524
87800,-174.62820214147166,31639.9,13.5381
87900,-116.38262436707359,15060.4,22.9617
88000,-91.784368874527985,9046.19,10.4986
88100,-235.38323491701524,60051.2,21.2264
88200,-38.974884892347653,1911.01,18.6131
88300,-152.59888196351784,24837.4,30.255
88400,-90.480792298340845,12895.0,17.0413
88500,-120.07656745292107,14132.6,14.7273
88600,-46.334687553425667,2306.13,12.2977
88700,-70.769643109682818,5837.87,14.9039
88800,-244.04519164421825,60488.0,24.291
88900,-37.500756881359031,1694.06,12.4808
89000,-210.23778260263833,47589.3,13.9431
89100,-98.357494496861165,11100.8,25.8483
89200,-111.98858709844546,16031.8,25.0627
89300,-146.94715747029329,21599.6,21.8733
89400,-130.34557771247569,19688.0,14.9884
89500,-115.85920857967889,17032.4,38.6285
89600,-75.371774520568124,8427.58,22.4197
89700,-55.179906010830479,3212.7,18.7953
89800,-204.57072255296168,44659.0,45.7793
89900,-148.21399171864289,23948.2,8.30532
90000,-204.19917915728212,41719.2,40.6564
90100,-186.72629802037144,35473.8,21.135
90200,-102.96175446474899,11859.8,9.56452
90300,-114.64505881334463,14306.4,21.1026
90400,-118.52070184718427,14685.3,21.0704
90500,-185.80249075463217,34465.3,40.534
90600,-92.896445009013902,10148.8,18.2749
90700,-153.90466543080723,23924.4,36.1022
90800,-120.83441229869533,15163.3,8.12298
90900,-51.695061580706295,3780.27,16.3501
91000,-180.06255209366697,34113.9,9.70735
91100,-100.87566953706342,10216.5,8.68024
91200,-102.03297245722619,12126.8,21.0722
91300,-113.72389152705148,13423.8,12.9916
91400,-20.314287611419481,899.287,10.2036
91500,-211.59126357565754,49593.3,67.3208
91600,-159.89821337871635,26433.3,19.6499
91700,-89.686264892529337,11871.4,36.6762
91800,-117.68958374133696,17109.4,21.2735
91900,-202.69557434952526,42781.4,54.2018
92000,-144.34148684722174,25129.5,20.8997
92100,-66.931524760924546,4503.13,10.4969
92200,-162.40181745894316,27669.7,21.6557
92300,-151.5680995763953,25484.4,15.5815
92400,-86.484520906995627,13216.5,13.1079
92500,-41.948069658183407,2689.85,12.6595
92600,-226.07068526703799,50974.3,30.3926
92700,-164.27417376765533,31541.3,9.9867
92800,-131.28686036053793,17552.6,25.2365
92900,-199.5489984625188,39446.7,28.2811
93000,-165.91827212389987,28326.2,25.852
93100,-120.49512362975048,14580.3,20.89
93200,-39.897537096872064,1992.68,7.61783
93300,-87.603556885924988,8205.46,16.8688
93400,-67.324547175914759,4856.91,10.0826
93500,-95.344440131193409,10447.8,18.5557
93600,-158.57682855097858,25617.4,28.2584
93700,-123.07052173228175,15884.9,8.3655
93800,-210.9631788429877,46760.1,14.7874
93900,-106.96469815927796,11528.4,11.8599
94000,-82.655902843003119,9096.91,14.9144
94100,-119.24317267203025,16833.1,34.6266
94200,-147.18802014266643,22466.5,13.8369
94300,-110.7890114226699,13569.4,12.8094
94400,-204.21612457542105,50100.7,19.9005
94500,-126.43565466269526,16022.6,11.8701
94600,-209.02675988710516,49469.1,75.4454
94700,-155.18452497989668,24457.2,9.52047
94800,-138.23253020405548,19010.6,14.1733
94900,-129.34711387315858,17456.2,12.8172
95000,-101.28766684289459,11978.8,22.6687
95100,-97.135112624081557,9706.61,9.05989
95200,-124.0895536256338,15174.3,24.5968
95300,-141.99889495258722,20259.2,22.9999
95400,-120.80356747713795,14500.9,15.7376
95500,-193.23373784395923,42361.4,28.7096
95600,-188.44462225223006,43029.3,66.1789
95700,-54.513528156017259,5101.82,11.5312
95800,-131.27659304291095,17800.7,16.4982
95900,-102.22807581810568,14545.1,12.758
96000,-64.203507633820337,8248.99,27.9906
96100,-105.68530054346112,11432.1,11.5087
96200,-211.39734727358945,45520.1,72.0307
96300,-101.81317171301336,11515.6,16.9444
96400,-162.24542660800884,29943.1,7.8763
96500,-198.95798557525961,39817.3,20.9373
96600,-197.35487333472651,39163.9,38.8633
96700,-66.381258553326631,4757.33,13.2297
96800,-189.89853906838886,47604.9,16.5796
96900,-106.95215727532606,13718.9,13.8263
97000,-198.3927044291153,40862.5,31.4215
97100,-83.079753524006676,7470.6,9.87956
97200,-126.26888068536131,16246.4,29.1615
97300,-165.20652948546157,31376.6,21.6408
97400,-94.676479599742365,9203.62,12.4836
97500,-139.44941787289781,19623.9,17.811
97600,-174.14423328328613,38086.2,11.825
97700,-75.410582814200211,9682.87,24.4544
97800,-146.07144035800238,24015.7,47.9994
97900,-84.644064279246948,8699.9,25.8065
98000,-162.62158531345901,27148.9,34.6979
98100,-143.92840686842771,29812.1,11.1064
98200,-152.62961580555603,26907.8,52.3348
98300,-114.04344143966136,15318.7,11.4296
98400,-156.43869371352065,24710.0,16.8678
98500,-183.02047525561542,40209.4,66.1708
98600,-66.95173371999374,4839.29,22.0671
98700,-193.359666832947,38583.7,30.1789
98800,-199.21666877871795,44400.3,15.4148
98900,-71.576115433240645,7256.27,16.5889
99000,-225.68802702479621,51794.6,21.4412
99100,-192.5409211699959,38700.9,14.133
99200,-118.62933113850009,14372.2,17.4006
99300,-70.729186312079307,5455.7,13.688
99400,-140.44572200496589,19628.7,12.7297
99500,-61.691740781220879,4782.77,11.8047
99600,-91.48551080760366,10870.6,12.3331
99700,-248.88785594438758,66088.4,15.4674
99800,-111.17832833047586,27187.2,24.688
99900,-111.6905057393306,17403.1,64.226
100000,-45.315818389319332,2983.69,18.552
