Timestep,Average Reward,C Loss,M Loss
100,-5.4540267484543934,22.6347,1.56303
200,-3.1754476991064666,7.35602,1.83743
300,-5.9344471020293712,30.0694,0.176488
400,-2.2692390149553647,3.2529,0.917917
500,-4.5609511335455162,16.1473,1.7402
600,-4.6273237532245863,16.1983,1.65778
700,-6.8506788188091789,41.1868,1.08799
800,-4.5900646359919843,14.9793,1.09285
900,-3.2544316272380747,7.42119,2.09352
1000,-2.6455956966909047,4.27088,0.912692
1100,-3.62847374757937,9.76207,1.11117
1200,-4.2731502333244391,14.4965,0.982104
1300,-1.3132646874524079,0.572851,1.51558
1400,-0.62281295057744024,0.37747,0.983693
1500,-4.433535643639579,16.5751,1.02705
1600,-3.3418647235598233,7.96485,0.197479
1700,-4.2108510658207994,13.6078,0.346843
1800,-3.0361762781521531,6.60347,0.171136
1900,-4.2960850012914253,14.2412,0.333341
2000,-1.7369037820803108,1.64159,1.4862
2100,-1.4053366621659911,1.18779,0.996593
2200,-7.089965110603055,43.6531,1.6401
2300,-1.7539051764743001,1.70175,1.15244
2400,-1.4330004745493503,1.0277,1.20078
2500,-1.0657379634692838,0.595338,1.38032
2600,-1.1814287511281463,0.912448,0.628193
2700,-5.1223196638754978,23.7551,0.673831
2800,-0.88637662724578714,0.436358,0.623383
2900,-3.9535537562763112,13.2783,0.424038
3000,-2.3941350315654173,4.52022,0.622179
3100,-2.12310282554522,3.35762,0.78413
3200,-4.1155633314975599,14.7668,0.127792
3300,-2.7882545633853493,6.43609,1.0625
3400,-3.4342663775689606,10.0419,0.283448
3500,-3.4996089745182677,10.5063,1.65668
3600,-1.4522303405547246,1.43872,0.865979
3700,-5.0031456579399789,21.4991,2.32132
3800,-4.9423986470143646,20.3359,0.228559
3900,-2.9060812917082526,6.32844,0.878868
4000,-7.9574557726642663,56.3807,0.576516
4100,-3.4410938751171223,9.04762,0.363569
4200,-0.1794738563296612,0.472139,0.79337
4300,-6.2481595867020996,34.6843,1.5711
4400,-4.0955563052301889,14.3749,0.106959
4500,-0.32950949890326064,0.358268,0.857157
4600,-5.8778904543599841,30.4274,1.14923
4700,-4.0123122340031081,13.1477,0.245941
4800,-1.266303995030293,0.722281,1.13827
4900,-1.5125493599405899,1.26969,0.652919
5000,-3.1608849018049017,7.39684,1.09369
5100,-7.4615665287472499,50.4498,0.17822
5200,-2.8481844833259964,6.14675,1.01729
5300,-1.2251931743219779,0.877491,0.879058
5400,-3.193601659316808,8.40804,0.90544
5500,-3.2288629426629045,8.62104,1.07944
5600,-6.0210085578546986,32.734,1.2297
5700,-1.5663809301441531,1.77837,0.604148
5800,-3.53643940209153,10.6259,1.34056
5900,-4.9265397576462764,20.6569,1.54226
6000,-1.9944805908248551,2.74322,0.538181
6100,-1.5297172396147372,1.54993,1.15471
6200,-1.2948447888859707,1.07713,0.508923
6300,-3.5438311292613984,10.876,0.396022
6400,-1.1316126827421193,0.939367,1.18031
6500,-6.0195418717376459,32.7917,1.35276
6600,-3.8226421358709235,12.4713,0.823718
6700,-3.3365326147707548,9.0679,0.147586
6800,-0.39535667617010795,0.0609787,0.846029
6900,-2.4622917440172096,4.75985,1.18444
7000,-3.1308287811341686,8.33211,0.42819
7100,-5.0008982890607969,22.4774,0.363902
7200,-1.030779135914389,0.598155,0.356139
7300,-2.4034466255465134,4.60269,0.693214
7400,-1.7909110045906074,2.38887,1.00493
7500,-5.5867349622113895,27.8157,1.45134
7600,-0.53848964214060591,0.454323,0.473655
7700,-6.6798423728789906,40.9198,0.534431
7800,-0.5374475404943625,0.0794071,0.975925
7900,-0.26643376618069259,0.0765995,0.632551
8000,-2.9466790793256092,7.15292,0.7339
8100,-0.61719813440209992,0.326893,0.563011
8200,-5.038890215391759,22.5836,0.270626
8300,-5.3139779489039416,25.2498,2.05519
8400,-3.7474500615634088,12.0439,1.80586
8500,-3.8833526947575905,12.9768,0.888501
8600,-1.9728559656113376,2.77629,1.11057
8700,-4.797371700621837,19.633,1.26614
8800,-0.23413532203538839,0.0428483,0.688359
8900,-0.39006751280091029,0.143223,0.807658
9000,-4.0151993144030662,13.6878,0.885066
9100,-3.6891724671788522,11.4317,0.710723
9200,-4.171569711522646,14.7768,1.57798
9300,-3.8107748059413478,11.8248,1.83816
9400,-5.6588525461246446,28.342,1.37635
9500,-2.1785004193584401,3.56112,0.353267
9600,-6.2033545298925175,34.0954,0.625837
9700,-0.99408310825477875,0.418956,0.393152
9800,-3.1540039241516986,7.56849,0.600168
9900,-6.8627181114672364,41.5466,1.36015
10000,-4.5032921556621996,17.0163,1.67201
10100,-3.3646771034505152,9.20482,1.55578
10200,-0.72090969157793661,0.237189,0.382271
10300,-3.0883067051298085,7.68071,1.16532
10400,-5.1085929862295458,23.1942,1.13053
10500,-4.0639105549840542,14.32,0.345387
10600,-3.4323050645942312,9.82801,0.119772
10700,-2.9700475173624143,7.33579,0.6131
10800,-5.6121596486627388,28.2841,1.93383
10900,-4.6227840782918426,18.6761,0.864605
11000,-2.1204803270868711,3.30328,0.179493
11100,-5.2250505553975586,24.4864,0.961015
11200,-1.6036773861448146,1.78609,0.787193
11300,-2.8892842735721045,6.93438,0.459118
11400,-3.0604139112467386,7.93285,1.17205
11500,-0.7455229980579996,0.35869,0.379338
11600,-3.8230754751849347,12.7658,0.363865
11700,-4.4198060753859894,17.451,1.60405
11800,-1.6027058671970054,1.75813,1.20178
11900,-0.29516722836231185,0.0506493,0.601621
12000,-2.3979804531017623,4.64326,0.739771
12100,-2.8301624123167182,6.78586,0.0529921
12200,-0.96879026458061634,0.628669,0.667091
12300,-3.9364929915332905,13.696,0.90754
12400,-1.738643353063305,2.23678,1.27348
12500,-1.1952113796293338,1.25622,0.629679
12600,-6.9450337182743258,44.7109,0.936181
12700,-6.5293877761329284,39.4649,1.39567
12800,-5.0261402027565483,22.8591,1.33394
12900,-4.063182555727999,14.6938,1.08222
13000,-0.78746246491884964,0.278978,0.858255
13100,-1.5050358560893518,1.5531,0.367017
13200,-1.9403499093590384,2.83826,0.623054
13300,-1.7311882245656809,2.29657,0.895312
13400,-4.8385682124221265,20.9379,0.602927
13500,-2.2220882688443684,3.84415,0.284886
13600,-2.8232556091897902,6.55262,0.30398
13700,-0.99866887003770433,0.790811,0.914409
13800,-5.8013385691267301,31.0167,1.05661
13900,-0.94860337977699771,0.45674,0.61174
14000,-1.7301709444259106,2.27415,0.668127
14100,-5.7887591840532968,30.4447,0.746328
14200,-0.060885854097286023,0.147091,0.564184
14300,-2.901259911018844,6.83581,0.807988
14400,-3.8228015851031176,12.5376,0.394416
14500,-3.6924149686542838,11.6384,0.357026
14600,-2.0422584087225628,3.36781,0.149506
14700,-7.7015066095521112,55.1964,0.592766
14800,-2.0073783147859849,2.99183,0.394711
14900,-2.0215684744159592,3.05883,1.02325
15000,-3.323800758760167,9.34372,0.889981
15100,-0.1345620624181034,0.193194,0.373006
15200,-4.199273723162249,15.2102,0.461126
15300,-1.5906249653282116,1.71061,0.649462
15400,-2.4715003231752251,4.79632,0.281539
15500,-0.57570899635409467,0.083324,0.266611
15600,-0.37986183835633675,0.020912,0.747885
15700,-1.4405417326467898,1.31216,0.803028
15800,-1.474794441835841,1.40207,1.11426
15900,-3.3856297329509459,9.57583,0.968711
16000,-4.9372311706902154,21.5689,0.63879
16100,-3.8053702706789108,12.3133,0.988879
16200,-3.3087533273295979,9.02901,0.354263
16300,-4.401381491313753,16.8509,0.28617
16400,-1.7692012021373034,2.56217,1.08363
16500,-8.3662331657451876,65.4345,0.5138
16600,-0.99658680134677946,0.754056,0.572639
16700,-6.2013667053473513,34.7907,0.615912
16800,-3.4309258642645633,9.77537,0.76798
16900,-0.84517071444948266,0.448654,0.413811
17000,-4.8262936107224839,20.397,0.883613
17100,-4.9944403416583487,22.0848,0.580155
17200,-1.1218757529716554,0.665066,0.982906
17300,-0.26620779481234835,0.0464122,0.344844
17400,-2.2882153016640241,3.86698,0.217145
17500,-0.60020772813518786,0.287083,0.211204
17600,-5.104371549408949,22.8,0.820358
17700,-5.7130778277464485,29.1959,0.0637404
17800,-1.3924307070476716,1.14809,0.326907
17900,-1.2395096424783383,1.00357,0.744704
18000,-5.4420639917931419,26.2859,0.183092
18100,-1.0743385744889393,0.64286,0.509526
18200,-3.9526217845288714,13.1484,0.21718
18300,-2.9011021457612696,6.63363,0.371777
18400,-4.925347560737614,21.1078,0.782646
18500,-6.389654005590975,36.9603,0.390848
18600,-0.88813747997008752,0.308164,0.259665
18700,-0.60401392813961208,0.222177,0.667683
18800,-4.4294289173170487,16.69,1.01388
18900,-4.6453405135196757,18.558,1.48049
19000,-1.9981097430399666,2.80596,0.282215
19100,-4.5890010252695044,17.999,0.45892
19200,-4.6263288064215722,18.2599,1.05582
19300,-2.9834871530447016,6.93966,0.189999
19400,-2.2975167830880276,3.76939,0.845409
19500,-1.77754228407937,2.04356,0.793253
19600,-0.76382095356754109,0.470231,0.6943
19700,-6.2002743279009813,34.0883,1.16845
19800,-5.0473543582785911,22.0863,0.956262
19900,-1.8628339212410208,2.27414,0.101296
20000,-2.2114339959534508,3.41399,1.07822
20100,-2.8841581643777228,6.49577,0.15837
20200,-6.5807049545099741,38.7724,0.983686
20300,-2.3332454266261209,3.87353,0.0598268
20400,-1.7999596270036529,2.04482,1.02879
20500,-1.6257965034187782,1.66516,0.510368
20600,-4.7905569320347787,19.4969,0.0146253
20700,-5.6466228623177184,27.8329,0.637005
20800,-3.3188556771176172,8.60897,0.193041
20900,-3.747609094793479,11.3648,1.12334
21000,-5.1215442237484892,22.7207,0.809429
21100,-0.25561702686836502,0.224524,0.541728
21200,-4.7932079252882991,19.466,0.434235
21300,-2.5512511753570264,4.749,0.221304
21400,-4.4458251067196581,16.551,0.907225
21500,-7.4815307221417822,50.3078,0.94821
21600,-4.7137487743039568,18.7903,0.170977
21700,-1.675937509839597,1.65616,0.755423
21800,-1.4245400820749099,1.06576,0.601152
21900,-1.0138943997367837,0.503326,0.634874
22000,-4.3525428016068473,15.6889,0.654374
22100,-2.3512299134882255,3.80662,0.861199
22200,-2.4207803333607791,4.09055,0.884304
22300,-3.2148436165289969,7.96609,0.427422
22400,-5.731741664060289,28.3849,0.127794
22500,-6.0596258304059685,32.2158,0.378211
22600,-1.6879095346447883,1.65067,0.885607
22700,-2.2032868290501764,3.24262,0.573246
22800,-3.4206747923726413,9.12722,1.11898
22900,-0.29707060093866383,0.13372,0.377227
23000,-3.6656777594777528,10.5295,0.970297
23100,-3.2589498801844274,8.13267,1.00216
23200,-1.3141865181437264,0.809391,0.098864
23300,-1.0775043405965123,0.440071,0.766269
23400,-1.8223872071065352,2.03107,0.601378
23500,-4.2398486981841339,14.6169,0.175431
23600,-0.96059951188978043,0.287731,0.383172
23700,-0.62757415030275154,0.0439687,0.473685
23800,-0.68094020430639335,0.0807903,0.651698
23900,-1.8022213801944245,2.11397,0.209212
24000,-6.453851582781045,36.3206,0.121763
24100,-4.5150920137043205,16.6792,0.523053
24200,-2.9586627151240781,6.42442,0.696754
24300,-0.85273587455656996,0.184662,0.534877
24400,-1.6109915565710424,1.3817,0.156755
24500,-2.3975508113995905,3.85736,0.503086
24600,-1.5118243443605539,1.22322,0.169898
24700,-4.5095440823647595,16.5872,0.195976
24800,-1.6231306549416293,1.39272,0.0316084
24900,-2.1629083499145589,2.97129,0.043336
25000,-0.49505591938911064,0.00539226,0.254755
25100,-1.0279123800138654,0.343312,0.659823
25200,-1.3406016270536898,0.914428,0.280442
25300,-4.7115513968955103,18.2741,0.734363
25400,-1.3336707654102953,0.777463,0.527461
25500,-0.898797315623585,0.213534,0.293799
25600,-1.9437164786504084,2.22306,0.127525
25700,-0.55918442785398137,0.00986224,0.1354
25800,-0.68031684292115979,0.0524959,0.202302
25900,-1.0551782747508773,0.363128,0.352808
26000,-1.4335629393533502,1.03689,0.840995
26100,-4.4085972770562263,15.559,0.556747
26200,-3.9076814540242619,11.8324,0.0990172
26300,-4.3453992374777179,15.1177,0.874071
26400,-1.6726709748258488,1.64254,0.324699
26500,-6.1040385443691916,31.7537,0.638842
26600,-4.7545171318131052,18.4551,0.0672189
26700,-1.1702442387554641,0.487779,0.500063
26800,-1.1954437203267068,0.522214,0.0649437
26900,-1.0514240710699474,0.347325,0.0551979
27000,-2.2662441181921675,3.20777,0.393535
27100,-1.3730614734970943,0.796628,0.213819
27200,-1.0119927890313911,0.295417,0.104268
27300,-2.3927326811717591,3.6741,0.211458
27400,-0.80635648343594934,0.154405,0.660313
27500,-3.0206110902504602,6.44304,0.365345
27600,-4.3593666666395929,14.9106,0.685983
27700,-3.47320713761194,8.87185,0.103772
27800,-3.2348389578406067,7.50669,0.542626
27900,-1.5234342265533534,1.20526,0.496809
28000,-5.3877211779264504,23.9479,1.2716
28100,-6.2230690846429413,32.7783,0.517477
28200,-5.2763995113038025,22.7566,0.520411
28300,-4.2908798298106881,14.2995,0.173075
28400,-4.1885502102136529,13.4962,0.960131
28500,-5.7894827461647544,28.0385,0.464531
28600,-1.6811600355622278,1.36054,0.054987
28700,-2.0890452211038224,2.48872,0.941956
28800,-1.9198345906323957,1.97213,0.576617
28900,-2.3859363862978755,3.50986,0.185596
29000,-0.85487834008646402,0.143054,0.555664
29100,-2.4606689485359867,3.78426,0.524457
29200,-1.6261762469793459,1.23014,0.172579
29300,-0.92618833172544723,0.210171,0.580536
29400,-3.0502097258233021,6.39423,0.297321
29500,-3.5432418351133133,9.21071,1.08042
29600,-0.38261348471176732,0.421356,0.45933
29700,-6.6336608526107783,37.223,0.452092
29800,-1.361567660852752,0.698187,0.128086
29900,-0.81146468696792129,0.109541,0.415078
30000,-2.5330914558363156,3.99315,0.797754
30100,-2.0690577121828122,2.39186,0.0942851
30200,-4.32328074433961,14.4276,0.464542
30300,-0.93073309303699592,0.588035,0.639071
30400,-7.4293870167331928,47.6532,0.974141
30500,-3.0177750566515482,6.1487,0.583842
30600,-2.2364865978216031,2.86992,0.300828
30700,-3.001965440395288,6.01484,0.511208
30800,-4.4740513056190263,15.4743,0.04175
30900,-6.8737154109287966,40.0482,0.944298
31000,-4.1068422187421572,12.7009,0.851458
31100,-6.2848028884418889,33.1005,0.448476
31200,-1.6257611627882504,1.14226,0.394532
31300,-1.6934344520688116,1.3026,0.322419
31400,-2.7278724896926176,4.72203,0.172447
31500,-3.9428350347017833,11.4461,0.454214
31600,-1.5359562411431136,0.943649,0.309863
31700,-0.97754295742694186,0.201806,0.620771
31800,-2.6972569468649739,4.71293,0.375931
31900,-6.7143507815489691,37.8834,0.439309
32000,-3.7004769062450373,9.76647,0.41022
32100,-4.3573343806161526,14.3562,0.325169
32200,-2.2078043203950766,2.82112,0.838178
32300,-6.0599360552122326,30.2653,1.3109
32400,-1.644718687669575,1.20108,0.51129
32500,-4.1068145586010925,12.5094,0.645361
32600,-1.1989409738990289,0.58687,0.231313
32700,-5.7225552130057693,26.4968,0.734088
32800,-2.833739379719483,5.07256,0.0610633
32900,-4.396209182974693,14.5834,0.382942
33000,-1.497015869304188,0.85298,0.683472
33100,-3.2231957145256742,7.06852,0.534083
33200,-6.7967113840153379,38.6525,0.14416
33300,-2.6417008079707358,4.22717,0.487963
33400,-0.88352511582925342,0.0891678,0.506066
33500,-1.5922410395529678,1.02538,0.56009
33600,-3.5201702179265952,8.57341,0.530705
33700,-5.1749861085146529,20.9534,0.416092
33800,-3.8977111825890671,10.8799,0.915314
33900,-2.1517370366875501,2.43053,0.365583
34000,-4.0459047046294865,11.8687,0.564565
34100,-1.4385906727332931,0.692516,0.052761
34200,-0.87448957454861942,0.174653,0.332438
34300,-4.0483350671565042,11.859,0.654182
34400,-2.3635629486018299,3.09011,0.156492
34500,-3.9658440787451172,11.2986,0.331408
34600,-1.5248389282963806,0.828151,0.688816
34700,-1.1715203644302634,0.307638,0.533324
34800,-1.1828151394629403,0.350147,0.40458
34900,-2.9325412087587766,5.34855,0.310184
35000,-2.6780936452592616,4.2728,0.849428
35100,-0.53062114457618059,0.152814,0.360488
35200,-4.2172486475646913,12.8967,0.314219
35300,-4.0094274623019563,11.5497,0.598684
35400,-0.82741237176624438,0.106596,0.154827
35500,-3.3789357333533601,7.53197,0.0821612
35600,-3.5307585420848948,8.39692,0.253604
35700,-4.0947887012356885,12.0414,0.0992453
35800,-1.6718285358612099,1.09315,0.491608
35900,-0.36019285395031964,0.140459,0.0964221
36000,-2.1751413380719806,2.31267,0.147893
36100,-1.7177468478955202,1.16436,0.123279
36200,-2.1249029959875028,2.20301,0.803463
36300,-2.690479719822485,4.20443,0.0364358
36400,-3.4282656285061051,7.78775,0.262997
36500,-1.3817748882934333,0.761325,0.395485
36600,-5.9867497808433869,28.6983,0.381554
36700,-1.053744449885949,0.225792,0.411906
36800,-3.6051166548587439,8.74521,0.40126
36900,-2.0986028062015705,2.17787,0.170899
37000,-5.1599237516851462,20.3164,0.641441
37100,-3.9311589666052442,10.7407,0.277119
37200,-2.0545053520275416,1.96323,0.363483
37300,-0.70138258125760222,0.119735,0.221741
37400,-4.0801428546288534,11.8001,0.469681
37500,-0.70217439866826081,0.00273877,0.123637
37600,-1.0567296392823482,0.156873,0.0917347
37700,-1.4275044624374862,0.734602,0.0723468
37800,-5.3217365490689712,21.6507,0.133866
37900,-5.2895980557354054,21.3733,0.252094
38000,-4.2030897780196517,12.4798,0.60868
38100,-3.9149337876008845,10.4791,0.260128
38200,-4.4598169413923712,14.3651,0.258169
38300,-1.3547972147969771,0.50323,0.221939
38400,-3.407432966350187,7.44495,0.493287
38500,-3.2958860708771378,6.81268,0.177039
38600,-4.7763195524676778,16.893,0.0944483
38700,-1.0527142769877071,0.135717,0.351449
38800,-1.4256158969618591,0.553966,0.149271
38900,-2.2087007778978802,2.31698,0.4068
39000,-1.5283608924438588,0.978108,0.349846
39100,-6.7074852686416886,36.2917,0.191021
39200,-3.1790740866851355,6.2352,0.15898
39300,-0.58014439878583102,0.108641,0.165992
39400,-3.4707531950689314,7.75377,0.15904
39500,-0.74795870880250903,0.123513,0.05127
39600,-4.213153621810358,12.3607,0.342424
39700,-5.189298557741461,20.312,0.824851
39800,-1.0328039644641018,0.116838,0.304795
39900,-0.27251616971952436,0.530578,0.130161
40000,-5.5017508804161004,22.7158,0.225781
40100,-2.5042363299165693,3.26067,0.0221516
40200,-4.0594529006591218,11.3891,0.393634
40300,-8.0228018076395919,53.6488,0.505995
40400,-4.0123429689921863,10.9643,0.296074
40500,-1.8098932107305006,1.47909,0.0765133
40600,-6.983431305477362,39.3186,0.230118
40700,-4.5577764512802466,14.7364,0.387058
40800,-5.6887118114845512,24.7043,0.489911
40900,-4.5178974213323873,14.5067,0.217339
41000,-1.1592088970595003,0.228707,0.108599
41100,-3.0549268647595924,5.42263,0.739729
41200,-2.8883599092009042,4.76182,0.349104
41300,-5.7798467263190112,25.5494,0.471606
41400,-4.5404626843242761,14.5446,0.65244
41500,-2.5600027541960326,3.36941,0.273204
41600,-1.064744527560731,0.176221,0.301903
41700,-3.6408642848956316,8.55855,0.278368
41800,-6.86138375915806,37.4943,0.66375
41900,-6.2640661912188103,30.7227,0.528224
42000,-1.7290080470863145,0.992662,0.253266
42100,-0.58235378542835992,0.447682,0.34195
42200,-6.8191709193550807,37.1976,0.351824
42300,-0.28664676207288392,0.276659,0.142933
42400,-1.8346788909290159,1.52926,0.285507
42500,-8.2996373680454294,57.3,0.468446
42600,-3.598664038030305,8.16773,0.0948035
42700,-1.6721869339937256,0.884497,0.363455
42800,-3.5753538605956168,7.97988,0.264968
42900,-4.359755780184229,12.9837,0.768373
43000,-5.0064558581291481,18.2772,0.525337
43100,-0.46713113633130038,0.397311,0.111866
43200,-5.6634836755962201,24.1255,1.04675
43300,-0.99698499855400879,0.133472,0.341141
43400,-3.7210141653847062,8.76537,0.487247
43500,-2.947286439851021,4.8523,0.294163
43600,-0.28274956297968107,0.482769,0.168708
43700,-4.5574961480023566,13.9226,0.646692
43800,-5.1051502733483245,18.9142,0.473203
43900,-1.9169952830376309,1.33914,0.20521
44000,-3.4645720081176687,7.29497,0.256075
44100,-1.8468899373421304,1.15139,0.260509
44200,-2.0472006493321486,1.62468,0.196976
44300,-2.8545318150948065,4.31906,0.53371
44400,-2.4080676026968018,2.67499,0.453199
44500,-1.1826141550389375,0.164294,0.44539
44600,-1.0700844333263857,0.0921375,0.113103
44700,-1.8539684882938594,1.16132,0.224878
44800,-2.947983224017189,4.79438,0.44022
44900,-6.2509433148846165,29.8837,0.566202
45000,-4.941612400353927,17.4843,0.175514
45100,-0.19415721291873525,0.809361,0.131641
45200,-5.4741083054479738,21.7085,0.908918
45300,-4.6910325831995126,15.3379,0.133947
45400,-1.2228378775348434,0.188194,0.190845
45500,-1.6795646140099976,0.815515,0.250327
45600,-3.378204909219658,6.71056,0.248161
45700,-5.5742746409304154,22.8867,0.532612
45800,-3.1384915251189955,5.53933,0.422854
45900,-5.5170021879006672,22.3527,0.523988
46000,-2.195945337268959,1.93613,0.341367
46100,-1.9629413337624018,1.34656,0.0199435
46200,-0.9229377866983558,0.12846,0.421694
46300,-4.2654552090379809,12.008,0.93069
46400,-1.9462535158083258,1.30823,0.3336
46500,-3.1202595758064513,5.35873,0.0949932
46600,-1.755827983020255,0.90096,0.550736
46700,-2.8520593197774793,4.15891,0.0628957
46800,-2.0052922558123165,1.42102,0.0962587
46900,-2.9641660107833703,4.60682,0.290265
47000,-2.6620470634760913,3.398,0.0710618
47100,-1.4088093545594689,0.34596,0.115225
47200,-1.3324684357793513,0.262293,0.426876
47300,-1.8543563360228734,1.06774,0.276675
47400,-1.0499359327971012,0.0610423,0.157006
47500,-2.0939552996094579,1.63066,0.292247
47600,-3.8133403749098691,8.9144,0.276773
47700,-2.5105383257293599,2.81554,0.382873
47800,-2.5478625061034594,2.94052,0.285977
47900,-3.2050902175132667,5.67821,0.075614
48000,-0.59480978755436142,0.148985,0.0738219
48100,-3.306116815168866,6.02928,0.166936
48200,-3.6049997808669252,7.69305,0.13622
48300,-1.2501281965937945,0.172675,0.360215
48400,-0.51559192441626467,0.173427,0.334525
48500,-2.4812468665710847,2.64787,0.576336
48600,-3.9924353078271309,10.1501,0.219981
48700,-8.7847874178129111,63.5445,0.754078
48800,-1.5491456406839901,0.502982,0.095174
48900,-2.5422132637377342,2.90774,0.263738
49000,-0.54665527152374782,0.23605,0.210881
49100,-3.9822532836476423,9.64253,0.141203
49200,-1.2013248072874652,0.122406,0.383626
49300,-1.0874795569139242,0.0729185,0.303651
49400,-2.3854311886711836,2.34553,0.131702
49500,-2.6552732452078986,3.24734,0.129511
49600,-1.6564709559373469,0.741241,0.0940326
49700,-4.8360427952963727,15.9402,0.271418
49800,-1.200363962120796,0.122153,0.0688369
49900,-0.31751771109508869,0.435767,0.160263
50000,-3.0592023493158793,4.62032,0.400667
50100,-2.2057370081880232,1.79677,0.496214
50200,-1.8791166304857305,1.02505,0.0571858
50300,-1.5817498228851414,0.528554,0.297513
50400,-2.9497032616392365,4.32761,0.0587093
50500,-1.4326065256304572,0.373225,0.0935904
50600,-3.8648360943023126,8.94582,0.151502
50700,-4.7681937432414552,15.1915,0.385563
50800,-2.8039177393868528,3.70704,0.229036
50900,-2.7172735293246637,3.39432,0.456384
51000,-4.0540195870329381,10.1058,0.449749
51100,-1.7596727689620026,0.768261,0.249237
51200,-1.0500678889298627,0.0861322,0.0933729
51300,-3.4645975603459682,6.64753,0.128131
51400,-2.5111730565389858,2.66234,0.20653
51500,-0.45708064205708299,0.249232,0.0370748
51600,-1.1843273752922783,0.192704,0.320613
51700,-4.6841402667306937,14.3527,0.211267
51800,-3.6532579477946063,7.61279,0.413065
51900,-3.8882810866526865,9.05478,0.365427
52000,-0.79448678159126518,0.727909,0.136157
52100,-9.0576402769730109,67.0982,0.543305
52200,-0.80745592909652653,0.0705176,0.0863173
52300,-3.2084960139379275,5.34414,0.513064
52400,-5.1410593665383235,18.003,0.40108
52500,-3.1641604207884337,5.12846,0.115774
52600,-1.4775444298114442,0.342189,0.464749
52700,-2.7120596813899311,3.2813,0.691442
52800,-1.0780386194638216,0.0571763,0.294132
52900,-2.7477286141888748,3.37044,0.16119
53000,-3.6203803944055717,7.36813,0.848747
53100,-1.7477204873362582,0.695676,0.338875
53200,-1.663974655947642,0.570798,0.322091
53300,-0.76465120622306448,0.321901,0.198557
53400,-6.1195082718606137,27.2141,0.453606
53500,-1.6754162692802113,0.593519,0.0829581
53600,-0.32154081794148309,0.854919,0.146537
53700,-6.6127024685982381,32.2879,0.321683
53800,-0.92419778438021094,0.21589,0.216423
53900,-5.5645103861860159,21.5434,0.197361
54000,-6.1827908488286552,27.7664,0.314083
54100,-1.4244935708336388,0.371077,0.305907
54200,-4.8771167237268491,15.6943,0.680063
54300,-1.8898249751905691,1.0416,0.528841
54400,-5.2698771949562966,19.0114,0.570871
54500,-0.86382174014118496,0.00965477,0.259638
54600,-0.76253109804940711,0.065705,0.228162
54700,-1.9787927650656487,1.1778,0.547705
54800,-5.2961993060722401,19.1451,0.188903
54900,-1.6803895307157557,0.553439,0.329815
55000,-0.95240143701508784,0.0137154,0.211564
55100,-2.094109151128718,1.32948,0.139484
55200,-1.1883670851811465,0.0674368,0.327406
55300,-0.38232042867915361,1.18502,0.0447059
55400,-8.9766965973818404,63.6401,0.563758
55500,-7.1170427012858202,38.5364,0.51734
55600,-0.59975782411642975,0.165887,0.178167
55700,-1.35316362947368,0.150713,0.194584
55800,-0.89176115876646389,0.0872046,0.248716
55900,-3.7558832182944055,7.89804,0.168043
56000,-5.3485941689262297,19.3506,0.588714
56100,-5.3532381024175315,19.4295,0.28081
56200,-2.9342106138838333,4.00415,0.0788699
56300,-0.24847791106444808,0.692327,0.136651
56400,-0.72461550426329646,0.396561,0.204246
56500,-2.8786420483224537,3.48939,0.126095
56600,-2.2127616696999,1.58431,0.211577
56700,-1.4824348513392054,0.279353,0.179892
56800,-1.8601047329890341,0.816481,0.456455
56900,-2.5330330364327414,2.47548,0.383243
57000,-3.1926584999402308,4.97492,0.492529
57100,-3.4848926634182682,6.35552,0.21074
57200,-4.3309952483735783,11.3568,0.346379
57300,-6.0040354230931223,25.6026,0.346884
57400,-0.8901075608697695,0.0114536,0.351082
57500,-1.37827826653378,0.21712,0.402081
57600,-3.6384681268126404,7.18969,0.349104
57700,-0.83873326521807712,0.101126,0.100452
57800,-3.6473224079225544,7.17529,0.1306
57900,-1.5419233396665653,0.497841,0.121641
58000,-5.7379484753116285,22.6844,0.33617
58100,-3.8929626704229277,8.54316,0.213069
58200,-1.5682895098449288,0.356573,0.319952
58300,-0.58179167854591196,0.246959,0.203004
58400,-2.460817671832296,2.22417,0.107724
58500,-5.011352949242136,16.36,0.295534
58600,-1.0261868832214829,0.00418811,0.292721
58700,-1.5493041431083774,0.364539,0.228949
58800,-3.7319492663454725,7.54898,0.22313
58900,-5.0542156016156961,16.5111,0.211947
59000,-3.5523624340733435,6.56582,0.400045
59100,-5.4623824040194719,20.0584,0.273218
59200,-2.0286339947931591,1.3561,0.339792
59300,-7.3403093363093408,40.4245,0.515736
59400,-2.7535380970824486,3.10911,0.0823319
59500,-0.64297756984146159,0.229118,0.19513
59600,-2.5775058475981365,2.45383,0.538785
59700,-0.9025291605150757,0.018792,0.0297926
59800,-1.66988864048184,0.451943,0.0871374
59900,-2.8683709269633315,3.61739,0.2125
60000,-6.6699523517014789,32.2161,0.288007
60100,-2.4740200689999905,2.21726,0.202662
60200,-5.1963967705555687,17.5035,0.567808
60300,-4.0053021580263399,9.00138,0.298413
60400,-1.5442223067139806,0.353942,0.204947
60500,-4.2134457885522103,10.3254,0.300982
60600,-0.67748494316795194,0.200792,0.118593
60700,-3.0606382595710069,4.02272,0.204208
60800,-2.3204614376944734,1.6849,0.36644
60900,-2.8302807112294288,3.26039,0.486764
61000,-1.9312055085586364,0.982722,0.212437
61100,-5.9349800527529313,24.0816,0.529997
61200,-5.189329128509546,17.3771,0.309623
61300,-2.5517334381980765,2.31552,0.221353
61400,-1.7220171090695788,0.489666,0.165998
61500,-2.8933522414614457,3.46744,0.309424
61600,-1.5339840604988562,0.252503,0.215754
61700,-2.236263485041738,1.435,0.141162
61800,-2.642975842594637,2.6066,0.179039
61900,-4.6069966132216749,12.7582,0.170677
62000,-2.1145584577337244,1.14449,0.154282
62100,-2.3147304212340036,1.61529,0.327083
62200,-3.3003715350864531,5.06653,0.208804
62300,-3.4392891703746664,5.76625,0.437333
62400,-0.97973907380133918,0.106571,0.0571618
62500,-4.0769357161839705,9.14981,0.521582
62600,-2.3833280125971315,1.97057,0.204307
62700,-6.8744736548281944,34.0839,0.405461
62800,-2.0747248583705642,1.05641,0.514729
62900,-0.51919097135285786,0.393115,0.206677
63000,-1.3554015731039073,0.21531,0.213103
63100,-5.3214296054439618,18.1857,0.717157
63200,-2.2120471995337767,1.335,0.202481
63300,-3.3306542350029726,5.12967,0.103532
63400,-2.7437370568800801,2.81117,0.202048
63500,-2.1297148473302072,1.21533,0.347747
63600,-5.1072332647393432,16.2906,0.2977
63700,-5.2166717851126245,17.2216,0.702524
63800,-2.6397413141179782,2.45023,0.147671
63900,-2.8939009856812805,3.30882,0.270793
64000,-2.2055505368359536,1.49241,0.248158
64100,-6.8969709052084349,33.8658,0.100801
64200,-5.0372239895206192,15.7915,0.53748
64300,-1.2644615845193921,0.0331467,0.282419
64400,-1.1885599661233683,0.0318167,0.0973984
64500,-2.6274109954741895,2.39501,0.243761
64600,-3.982506113635107,8.39223,0.153994
64700,-5.2274730030498153,17.11,0.309276
64800,-5.0105258499497829,15.3539,0.15019
64900,-5.0865783484728668,15.9585,0.486364
65000,-6.3713855818519711,28.072,0.511341
65100,-1.4818943926672443,0.166079,0.0623779
65200,-0.25521904369305559,1.44557,0.158738
65300,-7.1158645232457154,35.0984,0.830343
65400,-8.2833531652159014,52.1179,0.476143
65500,-1.0265429816338116,0.0867488,0.0986867
65600,-3.7801564229237647,7.16906,0.287363
65700,-3.7303036945382657,6.88853,0.242911
65800,-4.1093163457584989,9.02305,0.2869
65900,-4.4880990812888664,11.4879,0.450609
66000,-1.9454332130254983,0.699856,0.196108
66100,-2.0311454219485356,0.846726,0.143978
66200,-2.1012677351921725,1.11148,0.321102
66300,-5.7127029380605077,21.1687,0.283177
66400,-3.7358900313412873,6.98847,0.270084
66500,-0.31760262225187696,0.80077,0.13129
66600,-0.98742370663307755,0.337913,0.060451
66700,-2.7122105401796057,2.20392,0.203157
66800,-1.559892956895583,0.193436,0.335046
66900,-1.9964187748577482,0.916524,0.108781
67000,-5.7993144105466925,21.9089,0.350747
67100,-7.3465762474546814,39.0439,0.375406
67200,-1.7577568997212283,0.435664,0.161969
67300,-3.5678833783196287,5.94764,0.144229
67400,-3.6914990495655622,6.62579,0.391417
67500,-1.0409868128998319,0.456274,0.271276
67600,-7.7402322803230525,43.6965,0.495147
67700,-4.6786993837472188,12.5829,0.18339
67800,-3.7343900331079158,6.77458,0.162665
67900,-2.3735681690704435,1.54696,0.444181
68000,-3.7313750750066412,6.7403,0.273631
68100,-2.5161996249147314,1.92529,0.122305
68200,-0.64914258972873395,0.311304,0.208607
68300,-1.785991786311002,0.366084,0.444223
68400,-1.9775060307394892,0.705511,0.104496
68500,-1.0831033966596824,0.0061548,0.284138
68600,-1.4062223038666348,0.0690964,0.168925
68700,-1.6464621128573731,0.29915,0.0615755
68800,-3.7774190163291843,6.93264,0.126659
68900,-2.571027579700992,2.09255,0.17721
69000,-5.2764483556692969,17.0454,0.275389
69100,-3.4719908189436426,5.38352,0.241353
69200,-2.1363939492345732,0.975694,0.323639
69300,-1.0201337678848126,0.0829219,0.150901
69400,-3.5220723268165655,5.57222,0.390791
69500,-3.4611345774207307,5.30269,0.245716
69600,-4.5709772110729849,11.724,0.26001
69700,-1.2572226360985366,0.00873507,0.151538
69800,-1.1626750454339139,0.00161251,0.0694313
69900,-0.78330026230189598,0.222824,0.164104
70000,-2.6929612357481933,2.31542,0.365952
70100,-0.72797016469411491,0.266754,0.13018
70200,-0.8781362055192059,0.920174,0.104142
70300,-9.710241024403393,71.3052,0.590278
70400,-4.2659030540669418,9.94564,0.25083
70500,-10.018501860481242,79.0955,0.569537
70600,-1.4063885541693835,0.0639563,0.190755
70700,-0.59396055905129397,0.613368,0.133543
70800,-5.0514406039648598,14.7653,0.201239
70900,-3.5720108613072932,5.82997,0.30849
71000,-0.94042564800939221,0.199763,0.0859349
71100,-4.6288612533320759,11.8076,0.433792
71200,-3.416780122672999,5.04186,0.0822602
71300,-2.0854533481676967,0.821932,0.100092
71400,-1.95990364048294,0.607354,0.132383
71500,-1.5107712612630164,0.161011,0.148513
71600,-3.8041821636633091,6.90991,0.347274
71700,-5.6432553268803645,20.0883,0.0885897
71800,-0.98414687893901398,0.108377,0.147466
71900,-3.2073968788032312,4.28956,0.0318925
72000,-8.1653481610151957,48.6728,0.446308
72100,-5.6763785623754757,20.1185,0.300519
72200,-4.9727926531666107,14.2813,0.307664
72300,-4.0305418575587959,8.04475,0.342289
72400,-2.8094521158650796,2.60165,0.46139
72500,-2.0744984663353376,0.776077,0.344352
72600,-3.1717392555533581,3.88143,0.439015
72700,-3.0031531722474782,3.24973,0.034781
72800,-4.0360607669003699,8.01455,0.51135
72900,-2.9256733245388871,2.95494,0.271183
73000,-3.2398912799028823,4.14823,0.183849
73100,-1.5958117097197684,0.152282,0.0263735
73200,-1.0134823889156719,0.225161,0.199199
73300,-5.1226335458323256,15.1881,0.515583
73400,-6.1863538392190103,24.7171,0.306015
73500,-3.3180147452534903,4.41462,0.0896797
73600,-3.2648120686438613,4.18584,0.0978057
73700,-2.6689242924666599,2.09636,0.377881
73800,-3.0253231697171121,3.26786,0.135241
73900,-4.4706261011778414,10.5501,0.367206
74000,-5.5999386359637375,19.1279,0.271461
74100,-4.7907148202369232,12.8022,0.557137
74200,-1.285766747628631,0.00367832,0.105745
74300,-1.5481330247854694,0.114912,0.05395
74400,-2.6959797997224975,2.15916,0.254087
74500,-1.3044331801074736,0.0073034,0.0254939
74600,-0.89113747143158406,0.340743,0.257584
74700,-5.1402217309671077,15.2458,0.371596
74800,-2.4380402263424612,1.45081,0.500162
74900,-1.6497560753024214,0.299354,0.360356
75000,-5.1906545239489752,15.7087,0.50268
75100,-1.9407895631652057,0.518211,0.48813
75200,-3.6158356374775447,5.67354,0.221779
75300,-1.582622581596135,0.173838,0.17175
75400,-4.0001660257912715,7.59606,0.303617
75500,-3.0580360058000302,3.32972,0.5371
75600,-5.3334331140285549,16.8869,0.305971
75700,-0.7215620431793961,0.582604,0.0134112
75800,-5.1734481088811712,15.1727,0.35698
75900,-0.50969042090985273,0.749208,0.124269
76000,-1.8844059903441071,0.29127,0.140267
76100,-4.2552856689113971,8.88446,0.1904
76200,-5.8145638010450851,21.0321,0.117433
76300,-0.97550450864568294,0.126654,0.0579629
76400,-2.4780970952808743,1.45199,0.322229
76500,-2.7638036416922258,2.26555,0.340192
76600,-1.8211489389937738,0.328841,0.238041
76700,-2.9650188591880053,2.94804,0.175701
76800,-0.83875324971830678,0.240481,0.274217
76900,-1.0865859615259099,0.369965,0.161715
77000,-6.0561662187565624,22.5687,0.332445
77100,-3.705798246649985,5.96398,0.327262
77200,-2.8915153526908113,2.6441,0.422313
77300,-2.0210458447681821,0.58631,0.488016
77400,-3.5026725335783238,5.12264,0.318609
77500,-7.1395899835317804,34.7581,0.797126
77600,-1.2842444314222161,0.011466,0.23418
77700,-2.3212679269090013,1.13121,0.0765425
77800,-0.44688267150700339,0.995148,0.208517
77900,-3.3757435126966788,4.42798,0.0895214
78000,-8.3805398990694489,50.4905,0.440441
78100,-5.6549054165974955,19.3444,0.0579691
78200,-1.1312339572995125,0.148574,0.140405
78300,-4.4889525376111523,10.2223,0.170301
78400,-3.4852845657021732,4.88744,0.450232
78500,-1.2830711134239623,0.232207,0.268671
78600,-6.0502361921900345,22.7044,0.303196
78700,-4.6334336867528201,11.3362,0.210117
78800,-0.70958392011783633,0.404188,0.222561
78900,-1.053902214367052,0.182734,0.0327675
79000,-2.147656283353633,0.631411,0.210395
79100,-4.0061767632558043,7.39695,0.344002
79200,-2.5480257331618557,1.57307,0.387431
79300,-2.6950960881903758,1.96215,0.396926
79400,-2.3772312568478671,1.17415,0.118198
79500,-3.1183068084040171,3.35046,0.37642
79600,-5.1015526827941731,14.6063,0.0995718
79700,-1.1482052147879238,0.233652,0.0613521
79800,-5.5818746246316326,18.4152,0.272365
79900,-1.7090960720277879,0.165526,0.187976
80000,-2.0500222544032631,0.602487,0.288313
80100,-4.1927696595079302,8.35901,0.300344
80200,-2.2507582159681769,0.891095,0.46398
80300,-1.5770078273506314,0.143496,0.363159
80400,-4.222928098763723,8.58946,0.169651
80500,-0.914929047573945,0.2653,0.104126
80600,-3.075586579489527,2.98206,0.153285
80700,-3.6650596375545801,5.53955,0.181965
80800,-4.909115720922828,12.9579,0.373653
80900,-2.4873857854328745,1.36181,0.185196
81000,-2.4155937584313203,1.19507,0.203402
81100,-2.481735711487945,1.42187,0.102983
81200,-5.2819092913920693,15.7909,0.272034
81300,-1.3679261418563746,0.00171105,0.153619
81400,-1.4599137604507495,0.156841,0.212178
81500,-5.1621016602141125,14.6794,0.0444049
81600,-4.2072888571411076,8.32613,0.228315
81700,-1.8614579424477591,0.298333,0.155131
81800,-0.58035920611331604,0.888213,0.225342
81900,-5.0131212683568727,12.9863,0.377695
82000,-5.2819532631113351,15.5936,0.366124
82100,-3.6370791840799614,5.29575,0.176266
82200,-2.9680587608097029,2.73272,0.335639
82300,-5.9904527118117246,21.786,0.0444693
82400,-1.663920727028223,0.105527,0.331684
82500,-1.1695480811972399,0.449621,0.154931
82600,-7.425580238535769,36.7994,0.543697
82700,-3.7332283705386562,5.70173,0.143537
82800,-3.2550535392055457,4.0084,0.293159
82900,-9.3447009126771654,63.8548,0.56786
83000,-8.6999832589243642,54.0295,0.507536
83100,-5.9561381737079202,21.1943,0.161968
83200,-4.4607510154899703,9.65755,0.412082
83300,-5.8011640657159953,19.911,0.462659
83400,-1.4962660674885973,0.0202657,0.118883
83500,-1.1142073108313273,0.115576,0.313036
83600,-3.0827488652787234,2.97606,0.0988123
83700,-1.0828205128450583,0.114547,0.0577735
83800,-1.4800391174868093,0.25168,0.0689558
83900,-6.3907965420387374,25.2516,0.457536
84000,-4.1262860317307704,7.65752,0.113065
84100,-5.7088261294022038,19.1636,0.269143
84200,-0.24928416641317702,1.76415,0.151773
84300,-5.1741981899137848,13.1519,0.355133
84400,-3.4361432225861237,4.17563,0.14123
84500,-3.1099473879365318,3.02603,0.151849
84600,-3.0225026709022886,2.75236,0.180008
84700,-1.2791817787242379,0.135316,0.107748
84800,-4.7113243468709536,11.1876,0.0405317
84900,-1.936989277830125,0.316813,0.227475
85000,-1.489006765871576,0.160455,0.0558076
85100,-5.3043913560939231,15.4112,0.58594
85200,-4.4761001784044909,9.63085,0.309956
85300,-2.2620231942463183,0.809651,0.0786202
85400,-0.40183618891053946,1.50666,0.0360985
85500,-4.6748960135202751,9.96743,0.193637
85600,-2.9738617695896044,2.49655,0.138923
85700,-3.873061169081812,6.30321,0.16592
85800,-0.47224521193645869,1.307,0.0615288
85900,-4.9067758079284491,11.8682,0.417699
86000,-3.8680132503939006,6.16374,0.0981876
86100,-2.2268531048714202,0.699928,0.484594
86200,-2.6689260353233317,1.63768,0.0830907
86300,-3.6202151688530653,4.96307,0.126552
86400,-2.4702425628859839,1.14908,0.117327
86500,-2.3106400091629089,0.829259,0.137151
86600,-1.8672674134007423,0.222654,0.265033
86700,-1.3495851131739689,0.283579,0.340873
86800,-6.5743643528673257,26.7863,0.454851
86900,-4.3004006365528422,8.4249,0.202806
87000,-6.0394515950838503,21.5995,0.372
87100,-2.534771914399347,1.27662,0.125955
87200,-3.4675946668014719,4.23476,0.342573
87300,-3.3028145139532525,3.58491,0.15883
87400,-2.3654921759740675,0.904216,0.0873678
87500,-2.5486155626860438,1.30517,0.136095
87600,-4.0890018750610801,7.15816,0.358337
87700,-2.5743550327182079,1.33466,0.234006
87800,-1.9549152877042968,0.328674,0.202543
87900,-4.0416055093771686,6.88496,0.077186
88000,-5.7111586960881571,18.6094,0.098909
88100,-0.85623740560179984,0.388935,0.134342
88200,-1.8743771543812235,0.143758,0.235902
88300,-1.5963284917147211,0.0272513,0.215054
88400,-2.2804374254374458,1.06121,0.40617
88500,-7.9560300530208083,42.9762,0.724993
88600,-1.9209298753091266,0.24205,0.43741
88700,-1.5482373807741019,0.0549395,0.38472
88800,-3.5683157176752656,4.56004,0.387047
88900,-4.0782173554348384,7.0007,0.281093
89000,-4.9826224327903734,12.6737,0.297552
89100,-1.7088854786862451,0.0878295,0.271142
89200,-0.55193202705563904,1.13991,0.0679561
89300,-3.3338095850635501,3.33466,0.157799
89400,-2.2907265429159587,0.732615,0.145276
89500,-1.3992564214447163,0.237006,0.302853
89600,-6.1331543782706044,22.3188,0.623
89700,-0.29533300764514331,1.87859,0.0997666
89800,-4.9946660633856901,12.0285,0.264979
89900,-3.4833060732814709,4.15312,0.212661
90000,-3.8419296093607183,5.74326,0.193316
90100,-2.9222766977264194,2.24097,0.0542515
90200,-0.25213103331216513,1.94229,0.0288824
90300,-2.9937974734880424,2.02118,0.108407
90400,-7.0978476013784846,31.8926,0.308139
90500,-2.6151177381958735,1.37185,0.125583
90600,-4.0511772116604172,6.74449,0.330627
90700,-2.809913890512699,1.8646,0.184266
90800,-0.88184265093082959,0.46392,0.0336534
90900,-1.774718210967946,0.0864449,0.239864
91000,-2.5599844475796685,1.20065,0.373429
91100,-2.8770988232918899,2.0637,0.0385073
91200,-0.62366569896023227,0.918744,0.142507
91300,-3.74957024262693,5.03765,0.376544
91400,-3.3582468906735716,3.58545,0.309576
91500,-3.6029809686256478,4.61325,0.21117
91600,-1.6111282677814762,0.0210811,0.337839
91700,-1.6452022806903037,0.0508156,0.0311927
91800,-0.32106381820220764,1.53795,0.0581971
91900,-2.0058856161524319,0.223655,0.0850175
92000,-2.4131282416895727,0.942747,0.13263
92100,-5.345148477855453,15.1765,0.297632
92200,-1.6277579931672606,0.155176,0.194568
92300,-5.1848474787797043,14.005,0.293607
92400,-0.59148343130192504,1.13219,0.0896644
92500,-1.2869587116349561,0.444001,0.0255594
92600,-1.1932275642853034,0.5082,0.112093
92700,-0.99377118449332935,1.25685,0.124976
92800,-2.0362270240418199,0.476583,0.214433
92900,-3.2869698502806313,2.6902,0.134654
93000,-3.2773911390746919,3.25413,0.308242
93100,-2.8744696913018384,1.98548,0.0453165
93200,-4.2001502634631187,7.43003,0.156776
93300,-4.2157526004491261,7.53145,0.174109
93400,-2.5519794776163818,1.1629,0.271101
93500,-1.3771670987192346,0.0131199,0.360468
93600,-1.208009603994683,0.132078,0.30166
93700,-2.8955915269875301,1.98411,0.0987732
93800,-3.1976398366671606,2.95695,0.153902
93900,-4.3066223767841869,8.10361,0.184571
94000,-0.6060835868344836,1.06567,0.178899
94100,-1.6826102667675213,0.346548,0.308258
94200,-5.8224112240391692,18.3605,0.281063
94300,-0.27599516172416683,2.00849,0.0926901
94400,-5.1501190374842496,12.5988,0.395427
94500,-0.95317126584547363,0.424051,0.154687
94600,-2.0534569863703713,0.267981,0.168412
94700,-1.4705728614782125,0.0447257,0.140798
94800,-3.57119823165656,4.3255,0.210994
94900,-2.4401632327503076,0.903272,0.10313
95000,-2.4286241391279964,0.981678,0.205909
95100,-5.5943486792409791,16.9809,0.41182
95200,-1.7263722898667258,0.0543221,0.149834
95300,-2.0152019034260253,0.374034,0.174716
95400,-5.2304262380878059,13.9496,0.388215
95500,-4.2943365577739714,7.81242,0.137047
95600,-3.5173172779017863,4.28672,0.279917
95700,-8.2695304881220473,46.3106,0.454199
95800,-0.97470537057042816,0.39897,0.0743232
95900,-2.2793183745097498,0.536458,0.123925
96000,-1.7562548414578278,0.131103,0.0733248
96100,-4.4339294438747405,8.71143,0.359837
96200,-8.1319907301745342,44.5098,0.584882
96300,-0.21441082966520303,2.62443,0.139592
96400,-7.8384613838282569,38.8648,0.441048
96500,-5.6818324102648283,17.5003,0.415885
96600,-2.1894441232947663,0.464096,0.293813
96700,-1.4072862128629695,0.052185,0.345608
96800,-3.3767935514041234,3.49261,0.122347
96900,-5.3431062134621756,14.8608,0.485267
97000,-0.64429072800151221,1.0082,0.0469706
97100,-1.3188526388663657,0.31069,0.0598586
97200,-0.43982894089054125,2.39657,0.093868
97300,-5.0746067938734889,10.8739,0.305403
97400,-0.12190726114140368,3.58314,0.037048
97500,-1.2186923486486811,1.59359,0.204229
97600,-5.8146069418322917,15.5535,0.31745
97700,-4.7714219200797956,9.49717,0.490506
97800,-4.7856687540375979,10.2152,0.232068
97900,-2.4703622815704604,0.894561,0.21885
98000,-1.8036439963761766,0.0860063,0.111074
98100,-1.122547551662433,0.355553,0.163637
98200,-4.9426540717443999,11.6518,0.367322
98300,-0.26005849858727165,2.02177,0.159922
98400,-1.6992361555170334,0.224401,0.237288
98500,-1.0000276068666178,1.02783,0.207799
98600,-2.5436330967948471,0.832566,0.161392
98700,-0.61769235544375178,1.32026,0.146267
98800,-3.5802957388253929,3.72701,0.185918
98900,-0.69340134570571332,1.11621,0.0704714
99000,-0.95595598585313768,0.79314,0.226558
99100,-2.4513614272866646,0.672625,0.267418
99200,-4.5120499170076842,8.47957,0.266033
99300,-1.7719146187816872,0.0669999,0.154483
99400,-2.8705200722216788,1.87265,0.295618
99500,-0.57526029335651552,1.0316,0.0464333
99600,-0.62285236386852505,1.74209,0.208771
99700,-4.1433322375890995,5.66537,0.245402
99800,-3.0486665237538557,2.11591,0.227527
99900,-1.7648493963086296,0.0517504,0.138854
100000,-1.4556055534069601,0.114428,0.246714
