Timestep,Average Reward,C Loss,M Loss
100,-0.020032281572848247,0.596833,0.00823233
200,-0.0057778083243270641,0.655947,0.0104098
300,-0.040034034676045917,0.496339,0.00253649
400,-0.03683360954988036,0.567187,0.00966034
500,-0.044055766583117092,0.289419,0.0110906
600,-0.017016997613542674,0.326448,0.00890491
700,-0.0081791930646619177,0.339135,0.00559132
800,-0.019335989610050994,0.260783,0.00542044
900,-0.010942312570752177,0.278158,0.0103298
1000,-0.005396124517525679,0.131702,0.00941999
1100,-0.029713318641430314,0.0783658,0.00722593
1200,-0.023340259674265035,0.0795852,0.00646409
1300,-0.017600302871932452,0.0661878,0.00477301
1400,-0.018145356497213425,0.0306346,0.00984694
1500,-0.011358395451677671,0.0499362,0.0096437
1600,-0.0030129863167186644,0.0566157,0.00589595
1700,-0.010608715795509467,0.0202497,0.00803528
1800,-0.020225560066413829,0.0188304,0.00220421
1900,-0.03268469845010416,0.00857667,0.00432619
2000,-0.0069200675748706487,0.0089785,0.00559156
2100,-0.020437200830641499,0.00638508,0.00170726
2200,-0.031480573194398648,0.0065349,0.00154417
2300,-0.016059647673646375,0.00408849,0.00917398
2400,-0.010106738122742464,0.00442368,0.00443589
2500,-0.0041638100603958754,0.00295466,0.00720679
2600,-0.032264694937635133,0.00307687,0.003514
2700,-0.0012254414142636478,0.0140975,0.00394644
2800,-0.026799776137341202,0.00379073,0.00369603
2900,-0.022687568155147577,0.00394713,0.00222703
3000,-0.011542295772830734,0.000940376,0.00200732
3100,-0.017942932760542932,0.00157994,0.0010296
3200,-0.023369987229703692,0.00148432,0.00312158
3300,-0.011349827156657897,0.000300755,0.00171885
3400,-0.011534750092462354,0.000397667,0.00320188
3500,-0.027447687015902195,0.00202266,0.000766768
3600,-0.010089476261849582,0.00280913,0.00328431
3700,-0.01024273162688881,0.00105009,0.00157045
3800,-0.017075994878719778,0.00149699,0.00127123
3900,-0.0055269936416946601,0.00162136,0.00236513
4000,-0.030797611039879446,0.000710708,0.00194076
4100,-0.016114678292117816,0.00124207,0.00126653
4200,-0.013764778330120695,0.000692986,0.00108034
4300,-0.024868830227668563,0.00124727,0.000975817
4400,-0.0074645919617836107,0.00120126,0.00436952
4500,-0.030603366936353842,0.00478762,0.000325165
4600,-0.016896824439581185,0.00141659,0.000571747
4700,-0.01738990368563487,0.000407111,0.00170086
4800,-0.01137056750915897,0.000215789,0.000964648
4900,-0.026617808742445535,0.000905096,0.000813785
5000,-0.013806377095375912,0.00166247,0.00134021
5100,-0.020193802918547374,0.000964345,0.000919717
5200,-0.011786189065733548,0.00260425,0.00249419
5300,-0.034000817074758306,0.00180264,0.00129628
5400,-0.0019345690001030473,0.00269341,0.00151525
5500,-0.010939238506027814,0.000213934,0.00175365
5600,-0.015483499226637443,0.000410492,0.001372
5700,-0.010563032531971508,0.000858724,0.000470913
5800,-0.014878791145690391,0.00397188,0.00275941
5900,-0.011369434127329816,0.000358807,0.00167095
6000,-0.0099310917318400273,0.000520823,0.00235501
6100,-0.017452913766554529,0.000675966,0.000386269
6200,-0.043576977502052437,0.00105453,0.00247815
6300,-0.038615019591744779,0.00240405,0.00135443
6400,-0.01156545124463002,0.00580931,0.000710159
6500,-0.011375045556369973,0.000245478,0.000177757
6600,-0.017089362003618099,0.000387379,0.00122701
6700,-0.037848269727583268,0.00204693,0.00131698
6800,-0.0061598442232820285,0.0040959,0.00117758
6900,-0.020000051323709762,0.000695159,0.00101383
7000,-0.027799498738704305,0.00179598,0.000480047
7100,-0.0086934140171600824,0.00304297,0.00165338
7200,-0.015264588733548691,0.000923489,0.000295142
7300,-0.015373966516421809,0.00110027,0.00213132
7400,-0.010063097051605636,0.000359309,0.00240549
7500,-0.018262595854961827,0.00103299,0.000394232
7600,-0.0042180862075435043,0.000366914,0.000587566
7700,-0.010556690029897439,0.000247348,0.000146644
7800,-0.022281349156839547,0.00114621,0.000317469
7900,-0.010061665849121795,0.00324628,0.000178458
8000,-0.010031291091248229,0.000182259,0.000825452
8100,-0.017228960286328875,0.000971455,0.000999916
8200,-0.011800539729894559,0.000698744,0.00196957
8300,-0.010722105958831898,0.000311468,0.00263235
8400,-0.01760859991101172,0.000543478,0.000964478
8500,-0.0077704457421768182,0.000406151,0.000154094
8600,-0.0054651973770120975,0.00141872,0.00105124
8700,-0.031994477291539043,0.00368834,0.00167304
8800,-0.0045581852653469581,0.000683148,0.000487931
8900,-0.022436966150406731,0.0005297,0.00125056
9000,-0.029005028675366858,0.000620533,0.00154237
9100,-0.028950777214215864,0.00098895,0.000612898
9200,-0.040064870307790768,0.00402922,0.00205401
9300,-0.036670535400911419,0.000575155,0.00107665
9400,-0.024974776572453918,0.000436517,0.000582713
9500,-0.010181536423502875,0.000571648,0.000534444
9600,-0.01618983701953659,0.000653525,0.000908749
9700,-0.019421620331115916,0.00357757,0.00168431
9800,-0.0077560559552294099,0.000203336,0.00142917
9900,-0.021093093974086298,0.00133888,0.000862575
10000,-0.0061200376407521753,0.000588199,0.00137906
10100,-0.0032435908317303267,0.000151845,0.00106595
10200,-0.011212051273518167,0.000312681,0.000783421
10300,-0.016039953119214374,0.00047696,0.00080961
10400,-0.030259656642118368,0.00214539,0.001515
10500,-0.024974504132779705,0.000880512,0.000795056
10600,-0.030184381469195026,0.000904924,0.00162696
10700,-0.02001837356425162,0.00302038,0.000286042
10800,-0.005443083003154406,0.000495225,0.00124618
10900,-0.046892624692274343,0.00241575,0.00257771
11000,-0.021652846330699034,0.00100098,0.000764164
11100,-0.001495377935309557,0.0124754,0.00082571
11200,-0.020731171602613081,0.000664124,0.000574148
11300,-0.011411216838914955,0.000306532,0.000455862
11400,-0.0064771778062209231,0.000262703,0.00160303
11500,-0.025365457006983304,0.000919999,0.00107307
11600,-0.0036202816605736734,0.000139417,0.000688033
11700,-0.021580921950104744,0.00218438,0.00100184
11800,-0.025768426090468574,0.00110528,0.00084375
11900,-0.022970785260191817,0.000946557,0.00104305
12000,-0.0078392062941797513,0.0024594,0.000806886
12100,-0.02822625037257858,0.0014454,0.00087881
12200,-0.003869425717469135,0.00290185,0.000769469
12300,-0.0098403052877361237,0.000407845,0.000216945
12400,-0.0031699376382524507,0.00127777,0.000719055
12500,-0.032838304426656653,0.00137984,0.00161604
12600,-0.014029776728614161,0.000931982,0.00178292
12700,-0.00092262421492416314,0.000418383,0.000812009
12800,-0.0057738727315862215,0.000157096,0.000994912
12900,-0.016057946487637212,0.00126137,0.000445938
13000,-0.018245130571937152,0.000894667,0.000630186
13100,-0.0048288366998467235,0.00468076,0.000653097
13200,-0.019361058156644767,0.00103649,0.000469834
13300,-0.010155244275798557,0.000624122,6.2415e-05
13400,-0.010112719208048666,0.000503454,0.000497947
13500,-0.029166611905481993,0.00167612,0.00177887
13600,-0.037373735580816463,0.00195759,0.00202466
13700,-0.018299116122703671,0.00274606,0.00115284
13800,-0.012885342262375997,0.00201468,0.000545234
13900,-0.010093684635067277,0.00026768,0.00168625
14000,-0.0054143441697861302,0.000244312,0.00155893
14100,-0.011361744974022567,0.00052341,0.00104695
14200,-0.002390892586552229,0.00144648,0.000218755
14300,-0.032257403309685587,0.00340758,0.00158918
14400,-0.0073405476491812194,0.00203448,0.000607451
14500,-0.024190730437610108,0.00104215,0.00109469
14600,-0.0042313407776754745,0.00151189,0.000952636
14700,-0.029416035796146326,0.00169485,0.00111577
14800,-0.0029927804927824715,0.00150637,0.000480827
14900,-0.017459338441959744,0.000525206,0.000351115
15000,-0.010488123935238609,0.000380852,0.000325505
15100,-0.030331204180128923,0.00150639,0.00128477
15200,-0.007125763004137785,0.0029104,0.00115368
15300,-0.0011877959402932063,0.000154271,0.000510796
15400,-0.014410266346761463,0.000310587,0.000837814
15500,-0.020314961189238052,0.00312994,0.000509749
15600,-0.0095761676254609521,0.00138707,0.000705775
15700,-0.0074667870884292933,0.00018377,0.00055545
15800,-0.030902399288651641,0.00461821,0.00117794
15900,-0.0090095083574399555,0.00122241,0.000222745
16000,-0.010938168908695794,0.000227383,0.00103042
16100,-0.015309112543421498,0.000374015,0.000296687
16200,-0.016702109922627315,0.00128292,0.00052221
16300,-0.008538120252007465,0.0067918,0.00167129
16400,-0.011768110702617766,0.000941355,0.000284157
16500,-0.0017382129779544555,0.000990585,0.00103226
16600,-0.03942742258231266,0.00142982,0.00170413
16700,-0.031545581970550546,0.00128677,0.00108993
16800,-0.027130238101320581,0.00153874,0.00102846
16900,-0.01856644965387555,0.0015118,0.000635449
17000,-0.023907087826464824,0.000930604,0.000874735
17100,-0.021417006646506153,0.00259756,0.00038789
17200,-0.0054808910348361226,0.00151432,0.00131218
17300,-0.020942487204790073,0.00124243,0.000840771
17400,-0.028984439574761923,0.00208699,0.000966736
17500,-0.021407348821779189,0.0026365,0.000937697
17600,-0.0014784808148984002,0.0181146,0.00100904
17700,-0.03038876226038166,0.00282824,0.00111675
17800,-0.0097605155832038524,0.000478867,0.000623726
17900,-0.019061378823783396,0.0006693,0.000384135
18000,-0.025038408676893189,0.000550417,0.00104354
18100,-0.034473038842591321,0.00359323,0.00102766
18200,-0.012488405461037189,0.00181239,9.83958e-05
18300,-0.019841925965339215,0.0014129,0.00122065
18400,-0.012766786616301999,0.00317795,0.00203791
18500,-0.0066522809261265877,0.000242519,0.000763498
18600,-0.004988745512809453,0.000452409,0.000424852
18700,-0.0096011148401424721,0.000380912,0.000803918
18800,-0.015811561318276959,0.00103432,0.00145577
18900,-0.014780808350542494,0.00130556,0.000251077
19000,-0.026919526154381687,0.0031907,0.000796373
19100,-0.0075548808109638628,0.00597384,0.00116096
19200,-0.034837750256812995,0.00182267,0.00119204
19300,-0.017461615992107982,0.00113201,0.000278549
19400,-0.036782284759537508,0.00171185,0.00108354
19500,-0.031464391742974246,0.00244925,0.00065396
19600,-0.033329004025360598,0.00223665,0.000818208
19700,-0.011438315796026359,0.00737543,0.000697672
19800,-0.012350446418164138,0.00028607,0.00190197
19900,-0.0061637511192055719,0.000516692,0.00120406
20000,-0.008796569030188937,0.00150629,6.27889e-05
20100,-0.0099133591460322541,0.000513819,0.00140039
20200,-0.004921802373828746,0.00135205,0.000100806
20300,-0.0073486894597134108,0.000329967,0.000589593
20400,-0.012384498220973619,0.000325191,0.000459937
20500,-0.020499860247897579,0.00164143,0.000261735
20600,-0.0018254689081111273,0.00429711,0.000151133
20700,-0.019541888207997703,0.00107576,0.00103747
20800,-0.012733845012854496,0.000566396,0.000861856
20900,-0.0045597981767030935,0.000949073,0.00113734
21000,-0.019628839547623317,0.000693493,0.00123819
21100,-0.020418652303201015,0.00127721,0.000505992
21200,-0.0050926537934061324,0.0023685,0.000102156
21300,-0.002541815368871052,7.23559e-05,0.000303558
21400,-0.004659417857578921,0.000162484,0.000168547
21500,-0.006238685926588201,0.000275236,0.000607347
21600,-0.0067320041008856512,0.000141887,0.000725532
21700,-0.010563762284698916,0.000180857,0.000611483
21800,-0.0089009445144624128,0.002756,0.00010583
21900,-0.028681636893893428,0.00320267,0.000680965
22000,-0.0073847925006429215,0.00299161,0.000257892
22100,-0.027807743103061031,0.0024737,0.000893619
22200,-0.010406711318391606,0.000436247,0.000318944
22300,-0.012934506748920875,0.000637138,0.000886948
22400,-0.011135068181340696,0.000304373,0.000704702
22500,-0.028075766324941825,0.00226189,0.00120755
22600,-0.0083804180829097057,0.00179341,0.00022254
22700,-0.018136201823039294,0.000618495,0.000260864
22800,-0.016744211187300271,0.00400961,0.000622373
22900,-0.0073870373928282759,0.00240471,0.00162204
23000,-0.0083868844490471925,0.00166291,0.000540849
23100,-0.0079274366909978938,0.000684648,0.0011138
23200,-0.026006726912167238,0.00300437,0.00129973
23300,-0.0048462862472313135,0.000465735,0.000631822
23400,-0.009046727146674689,0.00130554,0.000443054
23500,-0.022165443300449148,0.00316969,0.000596854
23600,-0.009457592463515024,0.00484666,0.000242811
23700,-0.0078809840662244883,0.000987041,0.000523455
23800,-0.005564470457895823,0.00494127,0.000334577
23900,-0.0065227731186197555,0.000181751,0.000506396
24000,-0.0022121603906211556,0.000124829,0.000152057
24100,-0.0098824874633028931,0.00189331,0.000745676
24200,-0.027796351517602222,0.0011666,0.00105074
24300,-0.025319114406944697,0.00182244,0.000571804
24400,-0.016929904019395661,0.00330254,0.000135941
24500,-0.032275102713024237,0.00933926,0.00121341
24600,-0.0062063873114566338,0.00336922,0.0013564
24700,-0.0038269391523598935,0.000791078,0.000739727
24800,-0.0108013923892297,0.00462556,0.000403927
24900,-0.003868926234219661,0.00317039,0.00043304
25000,-0.027091506736504449,0.00370403,0.000915989
25100,-0.012857544618557133,0.000980784,0.000444816
25200,-0.024426275455065542,0.00241005,0.00056063
25300,-0.012468228432844062,0.000656553,0.000137963
25400,-0.0025808594453618329,0.000279756,0.000208246
25500,-0.016961508427993651,0.00144974,0.000717338
25600,-0.02612626244600336,0.00856382,0.00112587
25700,-0.011247516440458884,0.00301619,0.000791081
25800,-0.023464268642131154,0.00437652,0.000635508
25900,-0.01764066229504728,0.00344475,0.000280508
26000,-0.0003269609037646059,0.00490308,0.000437071
26100,-0.0032686558294554875,0.000119056,0.00071487
26200,-0.010863485988986959,0.000226432,0.00109412
26300,-0.0074246808790365037,0.00109707,0.000488164
26400,-0.015858737022758588,0.000611538,0.000305097
26500,-0.021418643990709172,0.0014403,0.000473839
26600,-0.0093454788015400816,0.0014319,6.63425e-05
26700,-0.019651873873227057,0.00199025,0.000396984
26800,-0.0064729344150443804,0.00365771,0.000224424
26900,-0.033566512934165849,0.000786475,0.000829292
27000,-0.027257181120219673,0.00133406,0.000599747
27100,-0.019899384325598967,0.00523309,0.000488885
27200,-0.039457583506545359,0.00217086,0.00123011
27300,-0.02758646309775413,0.000432609,0.000419872
27400,-0.02428757981972841,0.00402499,0.000185074
27500,-0.01309058056184375,0.00259133,0.00163969
27600,-0.005041244009650417,0.00235975,0.000548597
27700,-0.020637290810728716,0.00571499,0.000154864
27800,-0.0071397779479603343,0.00241917,0.000858
27900,-0.012180377599729487,0.00562408,0.000243654
28000,-0.0024357919545519653,0.00342236,0.000925085
28100,-0.012134794147785949,0.00166584,0.000224201
28200,-0.022231499790064061,0.00636188,0.000438258
28300,-0.0027381212289307338,0.00895142,0.000261898
28400,-0.040164514390944941,0.00612288,0.000774516
28500,-0.012598086008889281,0.00345211,0.000356731
28600,-0.007120269405154909,0.00482084,0.000866899
28700,-0.019604576464694018,0.00858397,0.000280129
28800,-0.0073507289638675378,0.00709975,0.00107419
28900,-0.030599314947851407,0.00589937,0.000329876
29000,-0.00524601737307657,0.000576839,0.000305296
29100,-0.017014318692502299,0.000388899,0.000872754
29200,-0.0027973792858660808,0.000750787,0.000200287
29300,-0.010344717728888588,0.00216993,0.000536117
29400,-0.015419539350464284,0.00576843,0.00202954
29500,-0.018592344319926249,0.00137758,0.000390172
29600,-0.013509174647026556,0.00183956,0.000220546
29700,-0.030880817201092071,0.00185007,0.000815388
29800,-0.023732922080658199,0.00122999,0.00113972
29900,-0.015229649272762897,0.00116377,0.000295916
30000,-0.023671285147951887,0.000969037,0.000679567
30100,-0.013839551858266406,0.00135607,0.000481008
30200,-0.0067458512668089722,0.00330196,0.000334154
30300,-0.010996727714693779,0.000204018,0.00049328
30400,-0.0063339968343525919,0.00246675,0.000102055
30500,-0.036380746556970982,0.00819082,0.000889088
30600,-0.004684631668185061,0.00426826,0.000419656
30700,-0.032277157571776474,0.00697651,0.000835619
30800,-0.0096108289637997293,0.00536139,0.000343753
30900,-0.039935612926875724,0.00451277,0.000621222
31000,-0.0099492168659133431,0.00626266,2.70474e-05
31100,-0.0097208244678360055,0.00182286,0.00179096
31200,-0.0019923926997036175,8.88657e-05,0.000604872
31300,-0.0029771731161404268,0.00921436,0.000401796
31400,-0.038320978007944269,0.0151569,0.00111369
31500,-0.0066141227452666028,0.00628587,0.000876716
31600,-0.028700588041149992,0.00349901,0.000681807
31700,-0.014467981488184605,0.00444928,0.000111383
31800,-0.0045596328804717347,0.00433688,0.000618651
31900,-0.0188057894364775,0.00139246,0.00080498
32000,-0.032228159333660959,0.00125364,0.000360167
32100,-0.033726318106686574,0.00183436,0.000532638
32200,-0.0144337383657195,0.00496854,8.67692e-05
32300,-0.0098643674634436591,0.00096792,0.000985804
32400,-0.0074393203700361702,0.000760736,0.000225217
32500,-0.0040374629516531065,0.000154558,0.000346909
32600,-0.01001333751163664,0.00694657,0.0002498
32700,-0.028729181551462531,0.00608195,0.000590754
32800,-0.0019375821991676064,0.00488282,0.000113829
32900,-0.0048586619744238604,0.00109349,0.000436898
33000,-0.012954989034570428,0.00162931,0.000801827
33100,-0.021547978542217613,0.00139997,0.0010678
33200,-0.0074808614965414643,0.000814323,5.14511e-05
33300,-0.01037923508452393,0.00362668,0.000345547
33400,-0.034419748298427921,0.0133634,0.000756165
33500,-0.0025965878673316484,0.000879701,0.000387485
33600,-0.011725593835405867,0.0081586,0.00062487
33700,-0.017956306555536962,0.005591,0.000304283
33800,-0.017999227320499148,0.000339568,0.000522625
33900,-0.028694460156900182,0.00213354,0.000997661
34000,-0.018801433012010114,0.00290733,0.00134861
34100,-0.024107779302612205,0.0116088,0.000281409
34200,-0.0020839944843326404,0.000934338,0.000757554
34300,-0.016107083502994231,0.000977887,0.00227217
34400,-0.0013226829570212905,0.000952335,0.000202745
34500,-0.0081974117435758952,0.00333539,0.000435296
34600,-0.028849233829303388,0.000601981,0.000707326
34700,-0.03289222192456067,0.00662462,0.0012871
34800,-0.01154853055565163,0.0136003,0.000915278
34900,-0.031262197988669575,0.0011941,0.000365251
35000,-0.023600739625932697,0.00179625,0.000196694
35100,-0.015427440154451211,0.00569979,0.000677533
35200,-0.010183644621634666,0.00424903,0.00016863
35300,-0.017194062833878272,0.00378535,0.000600045
35400,-0.033537397647818754,0.0161685,0.000881449
35500,-0.00067215186530497487,0.0130133,0.000325436
35600,-0.035634972935383986,0.00288475,0.000531651
35700,-0.025573769654099538,0.00431325,0.000565012
35800,-0.01218281003631767,0.000541575,0.000508137
35900,-0.015084737286406398,0.00465715,0.000622681
36000,-0.013343810356008179,0.0120525,0.000571287
36100,-0.03384372757054533,0.00636128,0.000495463
36200,-0.012891979089607,0.00549373,0.000504348
36300,-0.018381599132264771,0.0083708,0.000225879
36400,-0.0051370852853562295,0.00191538,0.000391799
36500,-0.0039363918290660068,0.000584805,0.00077035
36600,-0.017156882919434058,0.013096,0.00118379
36700,-0.024461374103379757,0.000657506,0.000356433
36800,-0.036909774637554821,0.0182683,0.000200817
36900,-0.0054678071305407751,0.0146641,0.00107838
37000,-0.025022326544019306,0.00865612,0.000454911
37100,-0.0067148354129756031,0.00676549,0.000214175
37200,-0.011468511318518768,0.00151088,0.000323092
37300,-0.017616888373130336,0.00250047,0.000630461
37400,-0.025324368791059003,0.0109325,0.000441634
37500,-0.0054592382473453473,0.0072136,0.000317029
37600,-0.022625528752078874,0.00500592,0.000126406
37700,-0.012673110047360303,0.00251314,0.00020334
37800,-0.025819559092724646,0.00167918,0.000255495
37900,-0.011322008241977165,0.00800999,4.03575e-05
38000,-0.0092828258571744319,0.0130088,0.000975342
38100,-0.030134628054120875,0.0130148,0.000618468
38200,-0.009781325998820466,0.00124832,0.000416255
38300,-0.0025396301045842689,0.0077803,0.000283665
38400,-0.02645673130400282,0.00671237,0.000465416
38500,-0.016805360102622301,0.00170468,0.00080769
38600,-0.01195347202483709,0.00160049,0.00056108
38700,-0.023376164503825805,0.00154517,0.00058169
38800,-0.03356129628315651,0.000613278,0.000992836
38900,-0.025674123794867939,0.00110646,0.000279401
39000,-0.018350620538285848,0.00427935,0.000562527
39100,-0.0054448778304970078,0.00291792,0.000123571
39200,-0.0081241984890799215,0.00423202,0.000103226
39300,-0.0067552846919656673,0.00158171,0.000845416
39400,-0.0090754325657751399,0.000305815,0.000125541
39500,-0.0050216818124912931,0.000186318,0.000108465
39600,-0.0068913421277787068,0.00385675,0.000630702
39700,-0.018975641448004135,0.00154909,0.000279954
39800,-0.0097782709553798589,0.00258558,0.0001975
39900,-0.017661741358084463,0.0016729,0.000298857
40000,-0.013383222342446018,0.00223335,0.000188894
40100,-0.024041665053761346,0.00521898,0.00011203
40200,-0.0065303390812507037,0.00322753,0.000136202
40300,-0.011654323383747348,0.00116758,0.000297272
40400,-0.0056586609437297994,0.00111053,4.24082e-05
40500,-0.0087704640443686047,0.0050988,0.000558479
40600,-0.02842459325742603,0.0124658,7.63314e-05
40700,-0.0084555880487745001,0.00112619,0.00150598
40800,-0.0073683010378690697,0.0145526,0.00128133
40900,-0.0365239707064971,0.00700136,0.000750543
41000,-0.0073927908914977278,0.00476202,0.000121696
41100,-0.015904489592609289,0.00125741,0.000446913
41200,-0.017905651741048637,0.00159949,0.000433675
41300,-0.0090833768962618917,0.000223224,0.0001399
41400,-0.018660005749476846,0.00449119,0.000408673
41500,-0.0051378853921845271,0.00947607,0.000472155
41600,-0.035238601816760112,0.00536646,0.000576508
41700,-0.011211891645376051,0.00262524,0.000348951
41800,-0.017423252306024178,0.00220662,0.00114452
41900,-0.015860243815970808,0.00117634,0.000390107
42000,-0.025128518416100504,0.0016972,0.000812152
42100,-0.027043545266145226,0.00554667,6.86429e-05
42200,-0.0015611253859010021,0.00404441,4.56274e-05
42300,-0.013907926318600621,0.00344863,0.000730624
42400,-0.039586137729767351,0.0206463,0.000685217
42500,-0.0017465445090351309,0.00394978,0.000551981
42600,-0.010013215917031795,0.00256875,0.000322402
42700,-0.0084323414346973349,0.000693507,0.000110038
42800,-0.016989586608377336,0.00221256,0.000519867
42900,-0.012436919646727562,0.00808362,0.000398368
43000,-0.026673822713657466,0.0096167,0.000116068
43100,-0.011020190744775955,0.00104954,0.000125847
43200,-0.0091528499700232867,0.00347769,0.00041476
43300,-0.025160382171183306,0.00136465,5.21786e-05
43400,-0.019179850669628521,0.0120444,0.000305847
43500,-0.0095949838860001496,0.00282748,0.000585773
43600,-0.011197299949597514,0.00216828,0.000802232
43700,-0.0046415435419037455,0.00556678,0.000150936
43800,-0.011951475428397704,0.00386594,0.000193694
43900,-0.0092420913312745174,0.00106524,0.000153492
44000,-0.0051705385529767804,0.00736823,0.000689027
44100,-0.028930491420892702,0.00226898,0.000269505
44200,-0.018544493494833548,0.000686778,0.000604249
44300,-0.027377420466288657,0.0112447,0.000886772
44400,-0.011947597255890998,0.00982111,0.000510779
44500,-0.019127412232498957,0.00597839,4.61022e-05
44600,-0.0023244928007268174,0.00191896,1.46891e-05
44700,-0.015314780334573508,0.00217253,0.000219949
44800,-0.031204451632632395,0.0156969,0.000741562
44900,-0.0096124872128717127,0.00712802,0.000376783
45000,-0.022257125108024724,0.00773511,0.000764091
45100,-0.0044490888300687129,0.00101337,0.000583724
45200,-0.0059295004773337488,0.00349366,4.9236e-05
45300,-0.025891701817125162,0.00106753,0.00038581
45400,-0.019594163299887384,0.000735161,0.000262447
45500,-0.023879933242096654,0.000515816,6.32681e-05
45600,-0.027273568084918008,0.000612242,0.000932946
45700,-0.043242928283412273,0.00775561,0.000643407
45800,-0.004771372986958902,0.00405718,0.000123526
45900,-0.01228262826748055,0.0096837,0.00112732
46000,-0.033894285425948426,0.00211469,0.000233337
46100,-0.033774036210575939,0.00207149,0.000801311
46200,-0.0089069254909373615,0.00323426,0.000370286
46300,-0.016549234363526556,0.00120398,0.000257667
46400,-0.013458305597668464,0.0050571,0.000921792
46500,-0.021280696290827322,0.000467161,0.000362132
46600,-0.022946066508303473,0.00271731,0.000735079
46700,-0.013229572537454753,0.00197477,0.000577299
46800,-0.0038514263549411665,0.00284015,0.00014495
46900,-0.014867516220189052,0.000942804,0.00010964
47000,-0.02021388699887456,0.00749733,7.92798e-05
47100,-0.0089429275305617419,0.00403097,0.000604248
47200,-0.014600926268018379,0.00229207,0.000121898
47300,-0.038332589776238164,0.00086928,0.000675158
47400,-0.029728378846968207,0.00752462,0.000569863
47500,-0.017128722150256192,0.00284716,0.000600654
47600,-0.011247375274345288,0.00654425,0.000313402
47700,-0.013018575987457415,0.00114564,0.000195989
47800,-0.016888763279322195,0.00453492,2.78773e-05
47900,-0.011013030315261791,0.000356903,0.000544749
48000,-0.0024513445862877478,0.000913887,0.000155129
48100,-0.004557061284640518,0.000520222,2.41747e-05
48200,-0.0071436669063942573,0.00187937,0.000124402
48300,-0.017391746722493703,0.000201062,0.000476808
48400,-0.011075686978359464,0.000967759,0.00042302
48500,-0.024368816608259007,0.00542696,0.000302121
48600,-0.0072926828882133058,0.000970274,0.000302133
48700,-0.01918365950172915,0.00087827,0.000691343
48800,-0.012466886989650212,0.000605204,0.000206285
48900,-0.016018622944731827,0.0041516,0.000248353
49000,-0.0066111946329281759,0.00135852,0.000318555
49100,-0.010686926943063904,0.00405813,0.000315456
49200,-0.021238760672818005,0.00198506,0.000258221
49300,-0.0023806783010172183,0.00205516,5.14008e-05
49400,-0.013326957362532017,0.0014773,0.000508385
49500,-0.030483129920265618,0.000890819,0.000514979
49600,-0.017881229616622533,0.00898179,0.000579178
49700,-0.0029316998710872087,0.00892646,0.000419841
49800,-0.014089961856628912,0.00101154,0.00012896
49900,-0.0094528873345712302,0.00330342,8.3735e-05
50000,-0.00087803602135179501,0.00203432,0.000166545
50100,-0.011521139651407051,0.0007803,0.000548891
50200,-0.0082370478654879078,0.00971099,0.000478003
50300,-0.02998618054942007,0.00510309,4.01325e-05
50400,-0.015501050903793912,0.000608229,0.00047947
50500,-0.023309879201580678,0.00402053,8.01467e-05
50600,-0.00042820348744796984,0.00173808,1.41423e-05
50700,-0.011389273004648823,0.00213919,0.000333553
50800,-0.0093990100744096011,0.000367486,0.000169128
50900,-0.0054688448619340073,0.00211626,1.78277e-05
51000,-0.035350842204165692,0.00132185,0.000363633
51100,-0.041247532271819168,0.000817803,0.000619364
51200,-0.038304674773234529,0.0120484,0.000584112
51300,-0.0051360556475004929,0.0133922,0.000573022
51400,-0.042308812064311016,0.00456291,0.000579956
51500,-0.014970783783812391,0.00285937,3.78062e-05
51600,-0.0091128487133395678,0.0023144,0.000247837
51700,-0.01742887663818634,0.00646953,0.000321023
51800,-0.012253620107632984,0.0102066,0.000377136
51900,-0.022451823560562252,0.00421508,0.000346343
52000,-0.016563808416063943,0.000421398,0.000451554
52100,-0.014812465760861595,0.00241568,0.000132024
52200,-0.029334294024835762,0.000870944,0.000315492
52300,-0.040508862123793607,0.00111924,0.000493791
52400,-0.028133938310815964,0.00745804,4.45083e-05
52500,-0.0095988181175960269,0.00309618,0.000400728
52600,-0.011146662670855446,0.00148333,2.59753e-05
52700,-0.023126342871489059,0.00448321,0.00031533
52800,-0.012441613172268972,0.000755859,0.000270097
52900,-0.0092217798334516109,0.00375693,0.000249872
53000,-0.016506184013169077,0.000586975,4.55989e-05
53100,-0.012192905168211168,0.00926678,0.00018145
53200,-0.0047162868379181802,0.00368071,0.000268668
53300,-0.016328121982791266,0.00184075,0.000217874
53400,-0.0090094103591679738,0.00310804,0.000226036
53500,-0.018784388181889034,0.000718123,0.000414983
53600,-0.038446377214203853,0.00350886,8.90832e-05
53700,-0.0079961695336048348,0.00133823,8.98955e-05
53800,-0.0093397191173690362,0.00330134,0.000104014
53900,-0.030062816964526406,0.00393108,0.000328977
54000,-0.015010652528738882,0.00499646,0.000815635
54100,-0.036591987145210163,0.00614874,7.3263e-05
54200,-0.011425382464291263,0.00383581,6.47036e-05
54300,-0.022671004650979508,0.00210474,0.000246103
54400,-0.0063693960814251542,0.00133457,5.40326e-05
54500,-0.006901702081754512,0.00181096,0.000108502
54600,-0.010041858695035882,0.0115916,0.000726109
54700,-0.029567729063586939,0.00851442,2.55765e-05
54800,-0.015359652748630027,0.00539518,0.000193391
54900,-0.025949420148173249,0.00549684,0.000214195
55000,-0.015429164662485227,0.00513345,2.33624e-05
55100,-0.028555185483218056,0.0179833,0.000214869
55200,-0.0031865694162832993,0.00943227,0.000490128
55300,-0.032337583062468964,0.0020552,0.000242006
55400,-0.019475535757151316,0.00378175,3.35267e-05
55500,-0.0057864173169297605,0.00907325,0.00037672
55600,-0.03613450463526427,0.0197407,0.000173916
55700,-0.00067023873652494149,0.00143313,7.78939e-05
55800,-0.00590858734924566,0.000688077,0.000237142
55900,-0.0070082608786734878,0.00858884,6.55793e-05
56000,-0.033643814638513424,0.00144003,0.000138263
56100,-0.030606259545475942,0.0101809,0.000311934
56200,-0.012578398486702875,0.00680378,9.24216e-05
56300,-0.020956427774857633,0.0015115,3.36373e-05
56400,-0.02191573599515205,0.0077873,0.000267883
56500,-0.0013862534738553092,0.000571735,9.47764e-05
56600,-0.0021207334494751464,0.00538646,9.76099e-05
56700,-0.020829893222568178,0.0043628,0.000141037
56800,-0.0056296571198848275,0.0119191,5.30394e-05
56900,-0.032740061637759561,0.00211554,7.97566e-05
57000,-0.025560289230784346,0.000545156,0.00045613
57100,-0.017204923178193294,0.0150866,3.211e-05
57200,-0.01032999183963617,0.00390768,0.000265247
57300,-0.0079567067370443743,0.00262436,0.000211836
57400,-0.019599794376895664,0.00206843,0.000183538
57500,-0.013038872023102893,0.000579155,3.49682e-05
57600,-0.028294447681928552,0.00561594,0.000527374
57700,-0.0077362928262689158,0.0073741,0.000176115
57800,-0.020972160870730235,0.0124714,4.30348e-05
57900,-0.011653884370772274,0.00568982,0.0006641
58000,-0.018246140583710352,0.00030091,6.71517e-05
58100,-0.014894490104961813,0.000216693,0.000197411
58200,-0.01467179705617698,0.00103337,0.000164725
58300,-0.042201226963205621,0.00506757,0.00048369
58400,-0.01086040550986437,0.00314381,0.000193683
58500,-0.016973591670673898,0.00454024,0.000246919
58600,-0.0049853716126769584,0.00605037,7.95736e-05
58700,-0.020451647784182229,0.00103028,3.51462e-05
58800,-0.031896418446563907,0.00393524,0.000263305
58900,-0.019410154187312845,0.00407442,7.73546e-05
59000,-0.00043144323760558245,0.00479339,4.76227e-05
59100,-0.016549904697293009,0.000839393,8.69167e-05
59200,-0.015458753553035734,0.00341955,0.000129623
59300,-0.042143270843076175,0.00880003,0.000263563
59400,-0.010160024500612432,0.00235571,0.000207426
59500,-0.012737403216353582,0.000976781,7.0103e-05
59600,-0.0077659981849982577,0.000398786,2.112e-05
59700,-0.013662397899355803,0.00127001,0.000116029
59800,-0.024588668864434445,0.000219726,1.74307e-05
59900,-0.031362459651594114,0.00132078,0.000112623
60000,-0.012296558437761531,0.00228297,0.000271502
60100,-0.031497624827774816,0.00948664,1.871e-05
60200,-0.0074680314872114838,0.00896221,7.60272e-05
60300,-0.030169356822858377,0.0138616,0.00029238
60400,-0.002207300846593427,0.000608035,0.000126602
60500,-0.0054769898582994574,0.00345298,0.000175298
60600,-0.007958820598083418,0.00452044,0.000146754
60700,-0.0035540319974107265,0.00282908,9.03111e-05
60800,-0.019916981985732711,0.000607889,0.000117184
60900,-0.016641301739722794,0.00491413,0.00022274
61000,-0.001030035366949439,0.00295462,4.22088e-05
61100,-0.0024229074178059259,0.00445769,2.03688e-05
61200,-0.024047177390015717,0.00644712,0.000350869
61300,-0.012803371725460777,0.00818037,2.87464e-05
61400,-0.025918494451615173,0.00532779,6.72879e-06
61500,-0.011312374886792421,0.00116838,0.000153747
61600,-0.013171269821408775,0.00185722,1.79627e-05
61700,-0.031402075710966371,0.0064917,3.46519e-05
61800,-0.012644700213743885,0.00657592,0.00013098
61900,-0.035959711554666263,0.00834931,5.23786e-05
62000,-0.010073425698348243,0.00104583,2.66554e-05
62100,-0.0095065200891764085,0.00496111,0.000184258
62200,-0.034208854605303582,0.00269254,1.56812e-05
62300,-0.020350611582926604,0.00216262,8.91814e-05
62400,-0.017115718425044932,0.000236025,0.000130518
62500,-0.013792506445056817,5.25161e-05,1.28773e-05
62600,-0.031299542332387034,0.00325049,7.45648e-05
62700,-0.0041660798712288248,0.000505331,0.00025621
62800,-0.012516195348189305,0.000123899,0.000116619
62900,-0.011845189812577064,0.00339602,9.51451e-05
63000,-0.031258246877669975,0.00722269,0.000592302
63100,-0.01044618816424012,0.00522385,0.00012555
63200,-0.012545163023846872,0.00174525,8.2931e-05
63300,-0.035821855427614555,0.00583227,0.000334132
63400,-0.01094966876124987,0.00577094,0.000116103
63500,-0.019083698612603495,0.000349036,4.35841e-05
63600,-0.023441363268021626,0.000200685,0.000307378
63700,-0.016224324921550893,0.0142311,3.98768e-05
63800,-0.0044691164967864874,0.0105707,0.00013793
63900,-0.018783790923902543,0.00394277,0.000188565
64000,-0.010947537141094857,0.000264449,1.85886e-05
64100,-0.016415542483223668,0.00188555,5.48417e-05
64200,-0.0077744613337970905,0.0103101,0.000186928
64300,-0.024932074902029047,0.00263852,1.11285e-05
64400,-0.0094661216129203092,0.00158475,1.88004e-05
64500,-0.034836924940600228,0.0121042,0.000576648
64600,-0.0043138539217187936,0.00653078,0.000109347
64700,-0.016161485206370597,0.00519832,3.12985e-05
64800,-0.012037716768364033,0.000593035,0.00020126
64900,-0.0054512088156998661,0.0108899,3.90599e-05
65000,-0.036252977338915172,0.0110556,0.000196932
65100,-0.0077335232593934962,0.0020269,0.000207455
65200,-0.011379643372512866,0.000629644,6.25963e-05
65300,-0.014260478774316474,0.00471086,5.14155e-05
65400,-0.028119308437118375,0.0153033,0.000359574
65500,-0.0014963490225055709,0.00507892,9.36459e-05
65600,-0.018779586567827432,0.00444605,0.000173553
65700,-0.030419746930535618,0.00122229,0.000197201
65800,-0.026828961834825322,0.000306879,8.04083e-05
65900,-0.028218773070585405,0.0063512,0.000127101
66000,-0.0044426004968913689,0.00143141,0.000196583
66100,-0.0051544275888027657,0.0050708,9.91461e-06
66200,-0.017377471116678721,0.00208496,1.45383e-05
66300,-0.02431982615219444,0.0135472,0.000409434
66400,-0.008673054506415567,0.00533868,6.97486e-05
66500,-0.014602200361286575,0.00583118,6.13136e-05
66600,-0.0046840791853548711,0.00437702,0.000550058
66700,-0.0349899500602616,0.00321946,4.61577e-05
66800,-0.035969028711002743,0.000505913,1.28718e-05
66900,-0.030529332975315491,0.00125023,0.000139314
67000,-0.017042671018088703,0.00127061,6.50721e-05
67100,-0.028309579551588457,0.000419739,8.35197e-05
67200,-0.018169536707626676,0.0111839,0.000295237
67300,-0.0066494878519202712,0.00361007,6.65933e-05
67400,-0.0080960894140270166,0.00216451,1.89277e-05
67500,-0.010064743169503976,0.00402148,0.000170723
67600,-0.021501023660293779,0.000278982,2.8648e-05
67700,-0.029312444286750648,0.0173649,3.24654e-05
67800,-0.0093292817070305539,0.00136086,0.000206324
67900,-0.017962443126329428,0.00033507,5.40943e-05
68000,-0.0095056250011466333,0.00279691,4.19529e-05
68100,-0.015467979767751121,0.00610491,0.000261372
68200,-0.013797277513819905,0.00970632,2.10215e-05
68300,-0.038965141424143097,0.00584227,6.68188e-05
68400,-0.019983906827691376,0.00174304,0.000462545
68500,-0.011237863814026257,0.00101088,4.87362e-05
68600,-0.0035657806482727416,0.0008514,3.55347e-05
68700,-0.010240929239604594,0.0122072,0.000332974
68800,-0.036862166881235107,0.0109242,1.72484e-05
68900,-0.0081288584647580733,0.00237788,7.58574e-05
69000,-0.024705940774729599,0.000962553,0.000263693
69100,-0.0081161651301481404,0.00162495,1.4118e-05
69200,-0.0045183684009965251,0.0019144,2.9178e-05
69300,-0.010811546960372176,0.00146188,0.000221463
69400,-0.016120080890341879,0.00120057,0.000184659
69500,-0.0023720367527645179,0.000697846,3.29312e-05
69600,-0.0085479219366396721,0.0136258,0.000215196
69700,-0.037113691236847539,0.0250284,0.000118772
69800,-0.0043324792786298841,0.000952959,5.41546e-05
69900,-0.0024759259194829411,0.000788463,0.000250003
70000,-0.010192472031534061,0.0209879,3.40551e-05
70100,-0.04641665045247536,0.00459096,0.000169302
70200,-0.013884742111400766,0.00214573,8.47273e-05
70300,-0.011038907324750692,0.0012827,2.15436e-05
70400,-0.0041884937674235307,0.00181191,2.43673e-05
70500,-0.0059680075903587844,0.00244558,9.75763e-05
70600,-0.0056643512797893225,0.0019228,9.48275e-05
70700,-0.0055390308644968191,0.00223133,1.35198e-05
70800,-0.013142065954832017,0.0045905,0.000191436
70900,-0.015225659439676071,0.000592348,4.49993e-05
71000,-0.020000948670223742,0.00800916,4.73148e-05
71100,-0.042809353235624757,0.00874271,0.000458973
71200,-0.01453690683037422,0.00310411,4.15803e-05
71300,-0.029819670645655671,0.0101324,5.63374e-05
71400,-0.0016100323306610603,0.0108083,0.000304457
71500,-0.02586017090042517,0.014699,0.000121402
71600,-0.0011947658764782517,0.00849175,2.7354e-05
71700,-0.022261677784143528,0.00262928,0.000207119
71800,-0.0080574678811202692,0.00945958,2.00673e-05
71900,-0.02996694559202322,0.0159748,2.39038e-05
72000,-0.0021542114573199723,0.00283882,0.000106757
72100,-0.013935386468185646,0.00570565,6.01754e-05
72200,-0.025293544598410905,0.0152608,1.87749e-05
72300,-0.0088292745697026026,0.000724614,0.000301486
72400,-0.0067215591850524536,0.00241126,4.56971e-05
72500,-0.0067351584843389958,0.0083612,0.000109065
72600,-0.025570368354249667,0.00477242,0.000434592
72700,-0.032780501508917467,0.017414,2.13515e-05
72800,-0.012010700763735054,0.00150479,5.73909e-05
72900,-0.0049316549526694552,0.00119641,0.000234761
73000,-0.01022392195283142,8.34116e-05,5.32104e-05
73100,-0.013309643610965212,0.00620237,4.12072e-05
73200,-0.030893546208567338,0.0120945,0.000232506
73300,-0.0057592927172436092,0.0143446,1.14689e-05
73400,-0.022072602871457257,0.000600912,2.43526e-05
73500,-0.038988438404956124,0.000728473,7.59037e-05
73600,-0.032844708206937405,0.000219791,2.46165e-05
73700,-0.03862147715331693,0.0070294,4.19119e-05
73800,-0.013769771992029006,0.00886839,0.000260783
73900,-0.034771099728318509,0.0010038,4.06403e-05
74000,-0.021011189646235919,0.00187167,4.2463e-05
74100,-0.0089127307733839929,0.0118339,0.000208243
74200,-0.030776364462022636,0.0016609,2.09331e-05
74300,-0.018621461215832327,0.000626196,1.14036e-05
74400,-0.019053846838949142,0.0057018,0.000188074
74500,-0.0048697770955102937,0.00122278,2.50411e-05
74600,-0.0085041501257276039,0.00131626,7.91815e-06
74700,-0.021720412075250412,0.00252821,6.17374e-05
74800,-0.015503145058067769,0.00170402,2.28957e-05
74900,-0.002390087056601761,0.000870737,3.30391e-05
75000,-0.0099943472208221529,0.00694953,0.000204844
75100,-0.01687788717601519,0.00994939,1.36098e-05
75200,-0.0085748928438890409,0.000629387,3.5734e-05
75300,-0.01237892635530804,0.00797485,0.000295568
75400,-0.022326934110692503,0.0129193,5.03494e-05
75500,-0.0089820681792051587,0.0105428,0.000104589
75600,-0.025567888332234535,0.00156773,0.000117981
75700,-0.03345343153179061,0.000353346,2.41363e-05
75800,-0.034228568655233139,0.0081654,5.79684e-05
75900,-0.015393119563153132,0.00102795,0.000163291
76000,-0.0083004795774387855,0.00531167,3.27766e-05
76100,-0.034311126634564169,0.000605492,5.33343e-05
76200,-0.044856597974485483,0.00345472,0.000366292
76300,-0.017581636946935732,0.00354118,5.40159e-05
76400,-0.0055763075489243634,0.00328598,1.95353e-05
76500,-0.0030192607515695923,0.00193384,0.000165747
76600,-0.0050257775053155771,0.000901265,1.5852e-05
76700,-0.012114151777697925,0.000600578,2.18812e-05
76800,-0.01711673888857683,0.00752367,0.000274715
76900,-0.03153055160968566,0.0115981,0.000119597
77000,-0.0088622913293048642,0.00243333,1.38145e-05
77100,-0.006859540084626495,0.00518195,0.000316864
77200,-0.033786396854589708,0.0154276,4.04927e-05
77300,-0.0047968926446473195,0.00568228,2.83654e-05
77400,-0.0052268029922095472,0.0339595,0.000493854
77500,-0.043878474504159964,0.00993725,5.00876e-05
77600,-0.017146077346407031,0.00098336,3.63766e-05
77700,-0.010892742191198599,0.00556371,0.000294776
77800,-0.011492847509046373,0.0264311,4.64391e-05
77900,-0.034217523926356533,0.0270145,1.57423e-05
78000,-0.010461280415474011,0.0049073,0.000147304
78100,-0.017192036751612492,0.000954855,1.3588e-05
78200,-0.020562766998485794,0.0161789,2.87104e-05
78300,-0.012857507282584522,0.000459033,0.000168241
78400,-0.0062005620513926859,0.00458117,4.68302e-05
78500,-0.015671375804253131,0.00633911,2.29895e-05
78600,-0.0090370082913781638,0.00214559,0.000112566
78700,-0.0018252390041702806,0.000489625,2.38713e-05
78800,-0.014980498070323634,0.00135789,2.00642e-05
78900,-0.00227923276860495,0.000549881,3.39987e-05
79000,-0.0037691193430955975,0.000297561,1.60697e-05
79100,-0.011723649109049793,0.0014864,1.73104e-05
79200,-0.010456680589737271,0.000322459,0.000254569
79300,-0.017686002333670195,0.00597822,1.4446e-05
79400,-0.031764657505774174,0.00197448,3.51053e-05
79500,-0.014699890515872116,0.00934213,0.000167621
79600,-0.0056516219844387891,0.00477685,4.41806e-05
79700,-0.016161591447706892,0.00905771,1.2026e-05
79800,-0.0081227353867355818,0.0143524,0.000471241
79900,-0.040024463090008018,0.000867691,0.00033513
80000,-0.027033254619012351,0.0157602,2.94864e-05
80100,-0.0088547899064245969,0.000952494,6.83664e-05
80200,-0.020767720390537141,0.00766872,3.69395e-05
80300,-0.030219996936849691,0.00333227,2.33971e-05
80400,-0.026157277563103806,0.0043437,0.000422715
80500,-0.041248292530825362,0.013707,9.19608e-05
80600,-0.0047254971008359216,0.00774599,6.59611e-06
80700,-0.025920756859657466,0.0212699,0.000261966
80800,-0.0044435788709196056,0.0197477,3.23202e-05
80900,-0.020858100951704879,0.00211924,5.00992e-05
81000,-0.024132357946078029,0.000684585,9.70836e-05
81100,-0.017806189847742456,0.0032184,1.13998e-05
81200,-0.01469454784998093,0.00373052,1.38586e-05
81300,-0.020661388595254997,0.00147513,0.000191746
81400,-0.016148736932638706,0.000716679,3.82202e-05
81500,-0.017679951779809945,0.0024329,7.93652e-05
81600,-0.00318943492340574,0.0132907,0.000353396
81700,-0.027268855999285045,0.00413894,4.71293e-05
81800,-0.012113701888925217,0.000788816,2.17394e-05
81900,-0.017539041423330671,0.00186814,0.000189777
82000,-0.0091604434532747015,0.0181391,1.04383e-05
82100,-0.039968746901999502,0.0291458,1.5213e-05
82200,-0.0013123716227943485,0.00395832,0.000188046
82300,-0.021332274460852747,0.000486252,2.99237e-05
82400,-0.011816639877064258,0.00339522,2.39909e-05
82500,-0.019325000163667429,0.000183027,0.000147974
82600,-0.030044360849627128,0.00440401,3.14419e-05
82700,-0.013288643391217452,0.00287835,6.97006e-06
82800,-0.0055955710402899352,0.000699984,7.13771e-05
82900,-0.015856039888937599,0.0143781,1.58113e-05
83000,-0.020928319053143483,0.000855662,1.4482e-05
83100,-0.017607048359716826,0.0112861,0.000299687
83200,-0.0058928265713135931,0.00301028,9.82777e-05
83300,-0.011309617404140136,0.00475166,2.14562e-05
83400,-0.019243638244323701,0.00431146,0.000170882
83500,-0.030109433629103309,0.000582923,1.97014e-05
83600,-0.033165382305529928,0.0104283,4.77828e-05
83700,-0.0087878618864504626,0.0030779,0.000232284
83800,-0.0036924826113388966,0.0137806,5.05779e-05
83900,-0.016506872158062715,0.00167299,2.37232e-05
84000,-0.01678192582072113,0.00527581,0.000204525
84100,-0.03563416969894638,0.0231385,4.59819e-05
84200,-0.002943552856385168,0.00131836,1.93635e-05
84300,-0.010426805757467754,0.000199937,0.000134132
84400,-0.0026502718301465149,0.00279642,6.73885e-06
84500,-0.00947692981405494,0.00562016,8.66224e-06
84600,-0.027393605497951862,0.00407442,0.000239878
84700,-0.019064629035370814,0.00237779,4.93811e-05
84800,-0.029847123136475372,0.00261112,2.74253e-05
84900,-0.030327864313305412,0.006433,0.00059019
85000,-0.0095841069667797988,0.0117681,1.27778e-05
85100,-0.020521224901253843,0.00181104,3.22311e-05
85200,-0.021966632188321161,0.0040416,0.000369948
85300,-0.040277673349325645,0.0127184,2.17982e-05
85400,-0.0097039132204304792,0.015116,1.89409e-05
85500,-0.03228541839200149,0.00696769,0.000198498
85600,-0.01278243767424306,0.00465719,1.17913e-05
85700,-0.032939422910436132,0.00471105,2.40606e-05
85800,-0.010505170528129278,0.00164916,7.16142e-05
85900,-0.0099163479452384455,0.000953762,1.11825e-05
86000,-0.015049601498563263,0.0069213,2.1356e-05
86100,-0.0086574445169241235,0.00163188,0.000142762
86200,-0.0042633126210620846,0.0109654,9.36303e-06
86300,-0.035269113807062123,0.0203774,9.31752e-06
86400,-0.01064470509835733,0.00412438,0.000167467
86500,-0.006626951759718263,0.00883235,1.39082e-05
86600,-0.0054838266322773258,0.0072014,0.000144467
86700,-0.020140337993276091,0.00267788,5.26555e-05
86800,-0.020504786928436939,0.00880715,6.40592e-05
86900,-0.03757284555248494,0.000808794,3.57677e-05
87000,-0.028343229862652225,0.000398125,0.000142163
87100,-0.02314178645693855,0.0226973,1.16866e-05
87200,-0.0059516873665015971,0.0159547,2.22723e-05
87300,-0.020247580269382576,0.0186618,0.000207624
87400,-0.0060455463423900466,0.0177146,2.8652e-05
87500,-0.019164015944908342,0.00105494,8.22357e-06
87600,-0.01729292287832971,0.00388146,0.000254932
87700,-0.040041440949476294,0.00225774,2.06276e-05
87800,-0.029818085800453926,0.0245953,1.56945e-05
87900,-0.0086353336877456627,0.00120859,7.72203e-05
88000,-0.0041180220387886744,0.00803094,1.34482e-05
88100,-0.018723116604693057,0.000849335,5.10467e-05
88200,-0.018367232385404417,0.00410185,0.000288786
88300,-0.033208401937886683,0.000921712,1.82137e-05
88400,-0.023132457163430022,0.0105377,1.33902e-05
88500,-0.00099255453863560041,0.00282294,5.23578e-05
88600,-0.0016616440957292376,0.0160893,3.0787e-05
88700,-0.020136413064482103,0.0109393,2.73758e-05
88800,-0.0037755427004531649,0.0206053,0.000293625
88900,-0.037586304761796072,0.00913313,3.61335e-05
89000,-0.018663856571681171,0.0059359,1.81941e-05
89100,-0.0090417062611963042,0.00217919,0.000415009
89200,-0.019595669952615694,0.00995447,4.85232e-05
89300,-0.030247758401659386,0.0302826,2.3473e-05
89400,-0.0043422532829336478,0.0298202,0.000452218
89500,-0.031056710795011502,0.0163985,1.34433e-05
89600,-0.0063662372642075008,0.0166502,1.03677e-05
89700,-0.026577307179227124,0.0207744,0.000200381
89800,-0.0022320047476573758,0.000970519,9.52898e-06
89900,-0.003632334263617293,0.00156674,1.66012e-05
90000,-0.013307028318688664,0.00537436,0.000399888
90100,-0.012750168793462307,0.00180001,2.73048e-05
90200,-0.015621835098918483,0.000737217,1.49986e-05
90300,-0.016690476990910485,0.000817439,5.82624e-05
90400,-0.01336629940747411,0.000671816,5.11264e-06
90500,-0.030881535680877762,0.00509629,0.000119183
90600,-0.010037485004795108,0.00464308,0.000102965
90700,-0.0045018544131299491,0.0128626,6.96145e-05
90800,-0.017610373272517119,0.00123731,1.11585e-05
90900,-0.0089185010069137722,0.00656827,9.03287e-05
91000,-0.02991698594205661,0.00498283,2.67578e-05
91100,-0.011639434183209807,0.000734874,1.29049e-05
91200,-0.024622405818829587,0.00489754,0.00028778
91300,-0.038383101534454511,0.0180408,6.9396e-05
91400,-0.016254841945356556,0.00188732,8.45943e-05
91500,-0.0090687006781506856,0.00790644,0.000415111
91600,-0.037986248314889302,0.0175686,2.60194e-05
91700,-0.0070170894673016702,0.0012582,4.84797e-05
91800,-0.0067169808268553967,0.0133079,0.000283592
91900,-0.020124327625968018,0.0151383,4.37589e-05
92000,-0.0073950940903412489,0.0186176,3.39074e-05
92100,-0.029070772805611784,0.0180576,0.000310799
92200,-0.0088473446489296288,0.0141128,1.95804e-05
92300,-0.027776962267126427,0.00420033,8.35666e-06
92400,-0.012817464723182428,0.000487867,0.00011944
92500,-0.0087816179596128478,0.00199366,5.27774e-06
92600,-0.025327463551529011,0.000970889,7.42229e-06
92700,-0.032080744458895721,0.0177199,0.000400094
92800,-0.0042859229217415418,0.00216151,1.04745e-05
92900,-0.010633270273801107,0.00667495,1.7757e-05
93000,-0.016545141459309118,0.00248348,0.000155272
93100,-0.017256943130556,0.0014425,1.57334e-05
93200,-0.011092956429388068,0.000839511,1.93121e-05
93300,-0.010972560109613646,0.00167633,4.51272e-05
93400,-0.010943658554127197,0.0110863,4.90188e-06
93500,-0.034645913453943064,0.00158229,3.17103e-05
93600,-0.027801923094252789,0.00304573,0.000345127
93700,-0.018965664387992177,0.00556575,3.06825e-05
93800,-0.026172873218850069,0.000112149,1.65974e-05
93900,-0.025837492869300212,0.0207991,0.000365404
94000,-0.0021605785212185451,0.0011763,3.11048e-05
94100,-0.0067608689345243778,0.0131179,7.63642e-06
94200,-0.033891832069070545,0.000846791,0.000102954
94300,-0.028977740877762968,0.00782624,1.71301e-05
94400,-0.0082083843822838287,0.013715,2.27819e-05
94500,-0.041787256515372843,0.0222904,0.000432944
94600,-0.003381576166115949,0.00210091,1.93081e-05
94700,-0.013754902180746331,0.000318068,1.06876e-05
94800,-0.012871411500549596,0.000422554,0.000327402
94900,-0.023461896886548709,0.00117362,1.47091e-05
95000,-0.029505613707061742,0.00119146,3.84841e-05
95100,-0.017937337843076908,0.000554922,0.000359021
95200,-0.021774041494108439,0.0122908,1.23512e-05
95300,-0.0099068870996527354,0.00186646,3.08251e-05
95400,-0.0072604232619907115,0.000437802,6.15828e-05
95500,-0.0028646805179661176,0.00913972,8.49963e-06
95600,-0.023558212168159853,0.0234786,1.5476e-05
95700,-0.0047857383270083339,0.0323818,0.000446289
95800,-0.034033514466928191,0.0263659,2.58698e-05
95900,-0.016858539004899083,0.0108313,1.3628e-05
96000,-0.029204547644081553,0.00224073,0.000361831
96100,-0.012731074442778172,0.00110311,1.32629e-05
96200,-0.0093511187636165678,0.00438494,1.82849e-05
96300,-0.0019903771255070143,0.00135933,4.03193e-05
96400,-0.0088223189174616197,0.0116138,1.20104e-05
96500,-0.01780980189760821,0.00330593,7.21437e-06
96600,-0.012024287992824895,0.00224101,0.00012054
96700,-0.014214353836363339,0.00296167,4.73554e-06
96800,-0.018844233572212189,0.00149159,3.22176e-05
96900,-0.0033565722327378832,0.0154296,0.000245489
97000,-0.025860735288717674,0.00586439,1.55452e-05
97100,-0.011570255931793973,0.00558812,1.98455e-05
97200,-0.011108700003300796,0.000834331,0.000550074
97300,-0.017355064630592852,0.0111189,3.0642e-05
97400,-0.027054910741215802,0.00123556,2.43183e-06
97500,-0.020294965836061427,0.00227663,6.67434e-05
97600,-0.0082219893245006597,0.00303455,1.70268e-05
97700,-0.0085993696466109479,0.00948194,1.23868e-05
97800,-0.020278475374313504,0.00252147,3.35009e-05
97900,-0.0093247335739347001,0.00149923,1.1872e-05
98000,-0.015063954153783303,0.00310408,2.87795e-06
98100,-0.015130805112355365,0.000860796,0.000537683
98200,-0.015319672621905206,0.00222965,3.43106e-05
98300,-0.007217622651936084,0.00170635,7.90444e-06
98400,-0.008671984379614037,0.000741593,0.000133852
98500,-0.0097626380308913161,0.00072112,7.37109e-06
98600,-0.0074751075068321404,0.000369588,3.73238e-06
98700,-0.0077208959263446349,0.00251275,0.00015388
98800,-0.015848581432889645,0.00366112,1.40461e-05
98900,-0.036863253057826492,0.0195818,8.73719e-05
99000,-0.0015625150075506424,0.00113189,4.39805e-05
99100,-0.0046983918422507038,0.00188998,1.07496e-05
99200,-0.0071903458670602074,0.0153598,4.12542e-05
99300,-0.032283689474887925,0.000712914,0.000138174
99400,-0.016646344020906333,0.00385925,2.1149e-05
99500,-0.018436279489383964,0.00767539,3.29092e-05
99600,-0.025449637421192096,0.0022952,0.000107908
99700,-0.015712688561442568,0.012228,8.68449e-06
99800,-0.010754657663805787,0.0165223,3.86894e-05
99900,-0.028470359936416077,0.0056123,0.000325145
100000,-0.010293148640372382,0.00146798,1.8435e-05
