Timestep,Average Reward,C Loss,M Loss
100,-20.902201487213741,417.303,4.79461
200,-2.3307048695041961,3.29813,10.8603
300,-1.7550570306835258,2.57636,8.16096
400,-11.427648877808068,138.927,5.28204
500,-55.894756041362847,3093.28,5.99375
600,-14.727653193680597,214.551,3.35816
700,-49.44485651165288,2409.18,5.91876
800,-14.21866204149369,192.33,6.88957
900,-35.596209931772471,1241.17,2.73233
1000,-15.149428431580764,215.188,4.18655
1100,-25.453721841249923,618.567,3.26382
1200,-29.05526426499015,815.827,4.80201
1300,-55.709358900242258,3032.0,3.50893
1400,-43.767138643987465,1876.4,2.80305
1500,-11.524300403829807,134.906,6.30533
1600,-51.591056608633281,2618.95,3.48715
1700,-7.7489195903482315,59.8815,5.52593
1800,-35.760861684624757,1236.65,5.03892
1900,-19.551334891639669,363.368,3.32097
2000,-33.100366395857399,1068.36,2.95882
2100,-17.479698689391412,284.977,5.81517
2200,-26.901828658742048,691.186,7.99581
2300,-41.787009082309709,1708.14,5.97966
2400,-13.479080477657682,167.79,4.97652
2500,-13.482914203052342,169.568,4.00603
2600,-9.5748638748016539,85.8576,7.93975
2700,-29.541881349362288,846.537,5.59953
2800,-15.218164858378049,215.139,3.47754
2900,-23.826355472971024,550.513,2.64947
3000,-7.89528894579104,64.1391,5.72082
3100,-39.802542813469991,1538.1,5.13584
3200,-30.722282284545134,913.751,2.30898
3300,-4.3414684281287395,18.325,5.6218
3400,-24.79175073315113,587.676,2.53131
3500,-12.351035372687953,140.212,4.17516
3600,-24.602905798579773,579.817,4.05727
3700,-36.481772380316841,1304.68,3.04952
3800,-4.2561107740840027,20.2838,5.40294
3900,-27.280103112902133,716.058,3.65828
4000,-19.58530209275434,368.691,3.98365
4100,-9.4123068986127336,81.9918,7.83241
4200,-19.614576278606457,369.419,2.90096
4300,-12.366979695670357,146.66,4.49132
4400,-30.16876068255414,889.505,4.81898
4500,-14.864878298472904,211.586,6.85728
4600,-29.868078946312703,871.656,4.61161
4700,-23.638295494688887,541.134,4.19604
4800,-31.907757718362326,997.637,3.17918
4900,-40.678355892666858,1637.45,4.57774
5000,-2.2470629923542234,37.5961,5.95542
5100,-59.97286861779844,3551.63,3.92972
5200,-48.365561818948102,2297.61,3.06497
5300,-37.46245731460094,1373.13,3.02953
5400,-13.036801396182206,159.004,4.86882
5500,-6.7657694999444979,54.879,4.52678
5600,-45.514292698312758,2045.85,2.70964
5700,-6.1186533205993863,36.0867,5.37551
5800,-26.386890707521243,672.342,3.36583
5900,-18.018875407324039,315.85,3.03817
6000,-46.319540363942089,2111.98,4.19135
6100,-10.83748039653144,107.082,3.74598
6200,-17.506821798041809,287.903,4.88856
6300,-13.705249910622829,174.211,6.24692
6400,-4.4201176415611432,23.1339,6.15295
6500,-31.388885733683423,960.774,2.14859
6600,-31.764277170884725,987.906,2.87954
6700,-7.2728887197136478,54.4646,4.37822
6800,-34.990766476622483,1201.47,5.63582
6900,-58.263780165324427,3357.84,3.30512
7000,-22.670686234239984,495.264,2.38555
7100,-34.59929410168327,1167.43,2.26762
7200,-23.451253851173146,534.993,4.21794
7300,-43.417332069907843,1851.62,3.15188
7400,-22.27194518748728,482.701,2.47718
7500,-4.4899480150074558,16.6553,5.16351
7600,-9.921594432169023,89.124,5.15524
7700,-16.012566392101377,241.896,3.61038
7800,-16.162139366880112,247.216,5.02933
7900,-21.246713956722637,434.427,2.89886
8000,-3.8024871877186412,23.1638,5.58861
8100,-37.798573266832911,1403.96,2.79376
8200,-3.2534215172296035,7.56185,5.52169
8300,-2.1948664748662394,10.0957,6.8468
8400,-29.050993467200552,812.86,4.1019
8500,-44.024590819432596,1895.32,2.37653
8600,-67.862024140667188,4543.9,4.75555
8700,-32.437272257921876,1013.56,2.19748
8800,-33.33277345548224,1070.61,3.87755
8900,-6.2123521611783836,68.1937,4.56864
9000,-67.701428449490237,4473.93,4.34577
9100,-45.730842254452661,2010.86,5.52508
9200,-58.64388658734606,3354.38,5.29885
9300,-9.6726303139997807,77.7991,4.48952
9400,-3.0203539659376899,5.11978,5.94839
9500,-9.2323528064811011,74.6358,4.12684
9600,-32.823012949477167,1022.03,2.28524
9700,-24.27332094353401,548.633,3.51948
9800,-21.776178075812776,460.493,1.99223
9900,-61.182804087527558,3674.19,3.64661
10000,-10.949829675127589,102.406,3.75624
10100,-17.138751738614733,270.714,2.61411
10200,-32.974732343846817,1046.9,2.3506
10300,-8.9346043696316091,75.345,5.09643
10400,-36.985613747853542,1314.03,3.15118
10500,-41.551146573632451,1673.03,3.12551
10600,-43.12018804897982,1806.81,2.5121
10700,-22.607673518767587,480.255,6.20488
10800,-21.692211667817759,441.821,3.83622
10900,-27.236253293632082,707.994,6.1219
11000,-15.710455370655181,232.931,2.68627
11100,-33.285074265238663,1075.14,5.66292
11200,-15.473678506356721,230.402,5.62725
11300,-39.471088785691784,1523.33,2.03951
11400,-62.072143133887081,3803.07,3.64772
11500,-36.830172885306681,1329.23,3.82781
11600,-19.134735250107873,349.198,4.29389
11700,-11.897530941978532,150.204,3.06256
11800,-53.724723383881717,2866.84,2.88921
11900,-8.3057526966948529,91.5706,3.34656
12000,-61.522609159780501,3763.69,3.94833
12100,-13.024976649334135,158.772,5.90112
12200,-16.590547640968836,268.871,4.5543
12300,-43.787200105383683,1884.95,3.55141
12400,-35.98717273548796,1272.26,4.77789
12500,-15.564260973243517,229.29,5.87427
12600,-10.319035262026642,98.5114,4.91033
12700,-4.8571415811269256,45.641,5.47604
12800,-54.621541995621712,2954.48,5.84563
12900,-18.540448259954481,329.486,3.49643
13000,-14.580522640678474,208.691,3.79763
13100,-40.932767685883135,1641.52,3.30235
13200,-35.747157330031349,1257.81,4.9378
13300,-63.410192992272968,3989.37,3.83745
13400,-15.336378612198075,222.91,3.97441
13500,-14.224054648790359,192.737,4.64572
13600,-24.674490241481738,592.041,3.92379
13700,-18.869032826125636,349.039,3.7192
13800,-44.19939010640141,1923.72,3.28349
13900,-45.689893924812658,2058.49,2.37218
14000,-30.275970116563858,895.566,1.76277
14100,-36.867947934727077,1336.2,3.34627
14200,-24.883275143730337,606.311,3.1284
14300,-45.253369700658006,2016.41,2.84454
14400,-35.450956558420351,1233.28,3.57325
14500,-37.568037586334739,1393.7,2.67594
14600,-13.535961111396317,180.004,6.30058
14700,-37.241428670465915,1370.69,2.42718
14800,-8.8585572993977575,78.0698,3.16785
14900,-31.767882474713023,988.177,3.08429
15000,-28.623737028369554,807.948,2.31342
15100,-54.307987639185221,2937.72,2.8912
15200,-6.5245921610814381,39.8187,4.61264
15300,-17.06556986197069,282.275,5.67823
15400,-4.6580336870903896,21.6282,4.96603
15500,-21.299636016095061,443.43,1.82201
15600,-40.163015805274028,1587.61,4.36414
15700,-38.575587231282171,1466.13,4.48022
15800,-20.589464982967851,412.266,3.2301
15900,-6.6428644899415676,40.6728,4.9576
16000,-15.07050938684721,219.071,2.75388
16100,-28.068028610005648,770.384,2.3523
16200,-20.127614682669734,396.781,1.86269
16300,-41.548929975783516,1712.56,1.80641
16400,-5.4661343086158558,29.9376,5.11744
16500,-24.345414712108305,576.434,3.67287
16600,-26.256466205851684,672.112,3.42515
16700,-26.752818076782223,700.878,3.79667
16800,-9.2882324517964658,82.4862,4.52836
16900,-24.577451634698658,587.64,1.59025
17000,-29.583386149896185,863.344,2.12492
17100,-1.2528819839648704,7.44656,7.12565
17200,-26.824170333959991,701.557,2.46277
17300,-23.436942957013006,533.498,3.91395
17400,-18.246383045393706,320.87,2.68112
17500,-28.01064806206076,765.297,1.57563
17600,-29.892703761623054,875.305,2.54527
17700,-14.074356173454076,188.225,3.71599
17800,-16.106595018532609,249.642,3.24204
17900,-3.8024757057154055,23.1217,4.22968
18000,-37.147162848982198,1353.84,1.54572
18100,-32.627850650491339,1040.93,1.94482
18200,-31.995287706621806,1005.1,2.07399
18300,-55.220074837626214,3017.6,3.01922
18400,-23.849889673176481,552.867,5.23132
18500,-11.224413177348795,117.978,4.35672
18600,-9.5990636607186115,85.4645,3.47357
18700,-15.240177060905289,220.971,3.8125
18800,-13.765692497532109,180.182,3.75853
18900,-4.9960846899888205,33.4252,3.434
19000,-39.854542178571826,1565.41,1.63071
19100,-65.712182757092293,4300.58,3.81198
19200,-10.258700775039239,132.157,4.82618
19300,-68.580089213279678,4655.62,4.10513
19400,-47.84904046782146,2253.13,2.22899
19500,-39.394215589766702,1523.82,1.76591
19600,-25.768095060416904,649.848,2.21481
19700,-2.0650455334777709,2.84757,5.81663
19800,-4.3312181407764605,31.7376,4.77733
19900,-44.257940337491917,1924.88,1.77997
20000,-31.886862797882465,991.388,2.14671
20100,-30.977675355627824,942.104,4.74792
20200,-3.8902554283781567,44.7509,5.56672
20300,-60.118673107588805,3598.23,3.28956
20400,-3.4205278771185927,10.5307,4.02049
20500,-15.289139290953146,221.727,3.55587
20600,-10.875049855000524,109.559,2.59654
20700,-13.134545859977301,165.603,3.2596
20800,-32.42204009990747,1025.4,3.8508
20900,-24.349694292228122,575.288,2.63823
21000,-38.671863883418631,1470.29,2.42296
21100,-12.702905165711057,156.55,4.21469
21200,-35.88494763426678,1268.87,4.36277
21300,-2.7226177009078447,47.3985,8.12492
21400,-66.622056528813431,4425.43,3.75362
21500,-2.440262371123735,17.221,5.71039
21600,-38.267818532257209,1437.62,3.62482
21700,-14.776325214140952,210.187,2.0187
21800,-35.086190004043722,1208.15,2.4074
21900,-8.3472345177693654,78.8642,5.34737
22000,-48.015286235210034,2273.37,3.33934
22100,-16.600919273088795,263.458,3.44695
22200,-1.3199187290712131,1.94125,6.5068
22300,-12.308648791210626,146.106,4.04157
22400,-34.912702573942589,1190.34,2.9849
22500,-19.708131919489155,371.789,3.41666
22600,-29.882752669462803,866.383,3.66578
22700,-31.786099248963822,982.402,4.08432
22800,-36.069202870195888,1275.91,3.96332
22900,-9.2281720175736304,78.6026,2.8811
23000,-21.748042728324755,453.77,2.38401
23100,-25.222531954582141,613.783,2.64203
23200,-30.84705368176019,923.704,2.06634
23300,-34.656151016071057,1169.61,2.71268
23400,-33.880580899157074,1118.05,6.06008
23500,-43.510228666266677,1854.27,3.82993
23600,-34.621149951873832,1169.05,1.9704
23700,-19.953104275555312,380.465,2.43275
23800,-13.204822554179561,162.774,3.66304
23900,-20.283762510869046,394.902,5.79221
24000,-36.145160650294052,1273.75,2.8628
24100,-45.914713693673981,2065.02,3.5888
24200,-46.979069811300825,2168.63,2.36942
24300,-21.698875589966818,450.743,1.71182
24400,-27.707911834847749,741.931,3.88908
24500,-36.228422498868554,1281.93,2.35871
24600,-16.512984545780711,258.729,2.39665
24700,-29.333459585867093,832.433,3.34641
24800,-26.116063259985658,659.153,6.18163
24900,-12.28110214210164,147.981,4.20961
25000,-41.793082691185298,1716.27,1.6086
25100,-10.226534476329366,97.3892,4.12065
25200,-26.503361048818821,677.672,1.98507
25300,-14.858812676364801,207.264,3.96968
25400,-5.665960842654119,29.5773,3.27133
25500,-22.454838126674446,482.148,2.32525
25600,-19.663893270993785,367.161,1.45944
25700,-18.05412686721079,315.18,2.10077
25800,-44.075315260212811,1901.51,1.55957
25900,-27.509911876696982,734.586,1.44217
26000,-4.032849826669783,14.7599,4.21071
26100,-19.574775532896624,375.314,1.41773
26200,-53.270175400981941,2798.91,2.29259
26300,-14.048853522996467,202.923,1.77435
26400,-57.869092971735945,3299.52,2.61337
26500,-27.082467304313369,706.243,1.54291
26600,-32.754231982632106,1039.83,4.80226
26700,-39.89902000157943,1552.1,3.16527
26800,-28.593789391536131,788.155,1.93955
26900,-25.87402941925237,646.953,4.27866
27000,-45.639740990691337,2053.89,4.22782
27100,-3.1818559933615007,14.529,5.16095
27200,-30.217811016976903,884.201,2.79745
27300,-13.513973718141941,178.888,3.31093
27400,-45.312241889601772,2010.19,2.68955
27500,-22.800242820572421,498.67,3.00072
27600,-39.994002783070449,1560.47,2.42734
27700,-22.252766585378833,479.628,1.65552
27800,-50.266502307168622,2476.97,3.92247
27900,-29.503199259975808,840.108,2.49709
28000,-42.054311175493915,1740.59,3.46097
28100,-0.74207288426788676,6.25128,4.97258
28200,-25.450748159856385,620.877,3.50225
28300,-17.249269612497688,279.249,4.89284
28400,-11.441313475190503,124.23,3.63532
28500,-34.857292021212274,1183.5,1.45181
28600,-10.028520837003157,95.6033,3.97471
28700,-33.913529847553207,1113.84,4.28689
28800,-23.848811996044741,542.693,1.18004
28900,-22.461237021809652,479.738,2.03777
29000,-20.43274857347085,394.873,1.94575
29100,-22.426457812083637,480.947,3.10024
29200,-5.9118042038122276,29.6644,6.04487
29300,-16.354144468639124,250.725,3.70701
29400,-27.892458133622231,747.156,1.40883
29500,-20.614575265099482,404.202,4.45135
29600,-5.3598077730967679,23.8339,4.8405
29700,-14.878178791924043,205.812,3.12368
29800,-3.8183338262649977,10.6385,4.47324
29900,-7.5102399594785432,50.4701,3.47791
30000,-23.026332463753828,504.047,2.77727
30100,-27.780310099437418,745.485,3.17252
30200,-51.935998459787214,2637.4,4.00565
30300,-45.883480841333856,2052.06,3.09802
30400,-42.000747132506405,1715.53,1.4424
30500,-36.829881207896044,1314.3,1.15752
30600,-27.741639142592035,738.221,2.65762
30700,-37.896900473958382,1393.56,1.07667
30800,-53.318734058182955,2798.34,2.23287
30900,-10.562807270926344,99.4787,2.91439
31000,-7.3177558443299304,47.0188,3.05456
31100,-20.873883613991389,411.82,3.16891
31200,-29.234609403311701,821.692,3.86033
31300,-15.092471027391843,213.069,3.73914
31400,-32.564446889843133,1031.53,3.67993
31500,-0.98283404120937734,6.63486,6.47096
31600,-26.558687945930163,678.559,2.29229
31700,-48.896517286653264,2336.39,1.80296
31800,-26.311909752237874,661.769,3.03512
31900,-14.824141991778468,224.449,2.11305
32000,-61.733145106916453,3751.28,3.0004
32100,-21.251338813909147,428.203,2.99768
32200,-37.006461895648854,1333.5,3.36691
32300,-6.6551442432267791,40.9724,2.97269
32400,-27.868866651484446,743.072,2.12798
32500,-20.116535175774388,380.627,2.18264
32600,-27.566913624755358,730.232,1.33768
32700,-6.5451634043808831,36.5705,3.75314
32800,-19.208747563891677,353.205,1.60886
32900,-47.600950924013425,2207.97,1.48293
33000,-61.483358313652651,3710.31,2.89983
33100,-34.259597334577649,1130.73,1.12055
33200,-29.962974293614671,861.65,4.08486
33300,-16.677580482921382,257.25,2.16411
33400,-18.903961625743626,333.584,1.42894
33500,-18.704988393548469,329.704,1.69337
33600,-37.021418682363759,1329.57,1.47806
33700,-12.340034231983921,139.291,4.08763
33800,-28.030955119958065,752.143,3.03467
33900,-12.766433053171983,161.697,4.22183
34000,-51.027227605903043,2545.31,1.75145
34100,-23.474968499178928,521.149,3.57251
34200,-29.551311405789043,834.974,3.31489
34300,-28.569914229698757,779.788,4.59895
34400,-20.13878090706476,386.664,1.88633
34500,-46.731799360845741,2124.63,2.04657
34600,-32.538495441641842,1021.04,0.85245
34700,-54.425706505126335,2906.13,2.21682
34800,-15.15101360963336,219.143,3.35007
34900,-45.227884609349992,1997.03,1.42077
35000,-11.172322881703847,110.292,4.05879
35100,-11.235485889431914,114.739,3.0744
35200,-29.046122290303774,805.018,1.10595
35300,-33.486506335062387,1085.63,1.37184
35400,-63.001916547713535,3915.62,3.17205
35500,-7.2792815052999886,43.8104,4.89914
35600,-12.490717082510773,140.101,4.28454
35700,-4.3876236114784879,14.0484,3.62621
35800,-10.475502876985699,103.144,3.69017
35900,-37.487000972233524,1353.85,3.45361
36000,-39.287438851726613,1492.29,1.14084
36100,-54.767419618045558,2938.2,2.54626
36200,-17.781529489302798,302.607,3.89799
36300,-49.801423529007295,2430.89,1.75683
36400,-5.9624690430773786,30.0715,2.89659
36500,-21.223576610787191,421.304,1.27613
36600,-25.771867600433826,629.208,2.94573
36700,-33.376498699907557,1068.17,2.36638
36800,-26.090706543567194,645.22,1.00262
36900,-35.422519221249644,1205.17,1.97869
37000,-35.107822967273769,1183.4,1.90609
37100,-35.706186686893517,1231.86,1.60904
37200,-8.4485417909893226,60.6021,2.30164
37300,-16.988211476137138,265.862,1.69319
37400,-7.0108685815606258,42.2589,5.17351
37500,-23.181157711651821,504.758,1.72564
37600,-27.888941714692805,738.244,1.28921
37700,-33.126523515528028,1051.83,2.92489
37800,-46.65962262375551,2119.28,1.50802
37900,-16.723615693560742,256.112,2.82713
38000,-20.734601672398711,405.762,2.11795
38100,-43.897309143054009,1869.49,2.65317
38200,-19.622607227026737,359.149,3.85587
38300,-34.564678896319194,1145.63,2.6517
38400,-24.050012587747936,546.295,1.20384
38500,-7.9839723942116061,56.6102,3.02053
38600,-28.052909564261945,746.391,1.35987
38700,-22.297257457528801,466.375,2.82911
38800,-9.50906819408433,81.6471,3.56844
38900,-31.178967669242276,928.763,4.71694
39000,-15.640019568911628,222.275,2.66447
39100,-22.015504913854933,456.863,3.02332
39200,-0.84083188221064586,0.360054,5.95141
39300,-7.1966620202747844,62.3883,4.01931
39400,-52.520960225998223,2681.04,2.57771
39500,-42.512225516192565,1743.59,1.38671
39600,-38.77627040627651,1459.69,2.44838
39700,-1.8329189579623353,15.3223,4.70707
39800,-39.433044264370849,1497.67,3.10361
39900,-53.390024358947549,2791.58,2.17707
40000,-7.073821025772066,45.2719,4.25044
40100,-30.186145579052098,865.883,1.66446
40200,-26.138924298225103,664.165,3.17009
40300,-70.700972856530768,4902.77,3.73999
40400,-36.032058626126556,1248.14,0.955109
40500,-14.643755647102342,195.336,2.29114
40600,-31.913812099406083,971.631,1.54225
40700,-45.586290983355219,2012.83,1.44585
40800,-23.084229269970592,498.107,1.14798
40900,-15.652305005278393,223.907,1.83243
41000,-31.886037103751931,972.727,2.4638
41100,-9.2474767584989248,75.2665,3.04197
41200,-28.186450825470661,751.055,2.46701
41300,-22.335969973937907,464.532,4.25368
41400,-25.864501552686633,633.176,3.58954
41500,-5.2367879414413032,31.7273,5.23061
41600,-39.269781078472413,1494.88,0.876093
41700,-1.6420445337600613,3.32229,4.8631
41800,-17.832154150898788,292.053,1.03035
41900,-31.256602520088606,929.191,2.27963
42000,-19.107513399254945,335.101,4.16095
42100,-21.51434001490421,430.038,3.41507
42200,-11.754260335715506,138.695,3.10197
42300,-54.446255018132241,2893.35,2.3052
42400,-14.210517350387802,183.222,2.36969
42500,-33.647168104623667,1086.01,1.07586
42600,-60.785306622133845,3613.87,2.71259
42700,-19.733850191751738,357.928,2.23449
42800,-17.758179291980895,287.083,3.40711
42900,-13.658614783051373,165.197,3.38948
43000,-8.3601265522464701,73.6169,1.82499
43100,-48.740798654010725,2308.18,1.64603
43200,-14.157800073544006,178.571,4.17805
43300,-23.11216993398612,497.65,2.57032
43400,-33.498273668806974,1074.49,2.70591
43500,-6.5092268154037551,35.1369,4.43359
43600,-23.18657944917901,504.102,4.2645
43700,-2.3392835814640818,2.52647,4.88717
43800,-7.5487096292035503,47.8714,3.87108
43900,-24.314286372745183,551.991,2.24987
44000,-32.802517791627253,1024.54,3.85985
44100,-15.7408424964124,222.281,2.6633
44200,-11.06348021499074,104.375,3.65295
44300,-11.551015046522712,114.67,3.01363
44400,-8.8784304656976971,64.8712,3.48385
44500,-2.983954993012671,15.1683,4.65789
44600,-35.160372319224543,1182.24,1.19226
44700,-13.181479170585384,154.967,1.07443
44800,-30.137577435732418,858.899,0.992218
44900,-18.738202834517296,319.916,2.02603
45000,-15.677051658736577,232.163,2.39228
45100,-50.70018171249928,2488.9,1.86582
45200,-29.554969854590965,849.189,0.682574
45300,-79.506770103757816,6231.47,4.79329
45400,-11.563290569363444,115.436,2.72579
45500,-2.0108146204419182,20.4991,4.3827
45600,-45.152632874468793,1980.88,2.19517
45700,-0.98548765289657314,0.089155,5.64003
45800,-3.7373326149817609,8.27451,3.42114
45900,-6.0069431780062015,26.4446,3.82932
46000,-9.0889834800996763,67.6051,3.25237
46100,-12.382516604187009,132.462,3.09886
46200,-15.155424544321145,204.77,1.80408
46300,-24.779425592435761,573.023,0.615427
46400,-38.458816050676567,1412.87,1.95099
46500,-48.105789605169917,2229.61,3.31761
46600,-48.329758727690368,2259.29,3.022
46700,-18.975978871442315,328.621,2.56143
46800,-7.2965393011191315,50.8853,3.22913
46900,-38.420356439695325,1409.01,1.1637
47000,-30.920406654021029,904.578,1.22517
47100,-13.953503131731503,180.517,2.65188
47200,-45.157161868821269,1971.7,1.16734
47300,-9.3575339523455003,71.5038,1.72894
47400,-6.893003086873513,38.5214,3.5171
47500,-22.922925534597503,485.458,1.75609
47600,-15.152872729003837,203.169,3.71587
47700,-11.727241642092119,121.257,1.36562
47800,-31.884777696566648,962.698,0.823258
47900,-14.234869121179225,182.085,1.87908
48000,-35.260811570510263,1186.75,2.65881
48100,-9.0848962293017603,68.2929,1.42402
48200,-21.336481668049355,417.076,1.0297
48300,-18.825715466170109,325.649,2.45977
48400,-40.850232620713541,1602.15,0.96713
48500,-13.33099973541448,160.981,2.88979
48600,-39.616014649159808,1497.76,1.06809
48700,-31.616871044660925,942.976,0.777734
48800,-41.654583311628315,1658.71,1.57278
48900,-44.652051132738791,1926.25,1.57801
49000,-7.2494721307475594,72.1416,2.77641
49100,-63.396980333542167,3913.07,2.7147
49200,-29.518149161833907,817.758,2.23788
49300,-19.945775889635133,366.264,1.02426
49400,-42.270593729554065,1710.2,1.24087
49500,-28.376594730050769,752.796,2.48504
49600,-32.036570055977421,968.001,2.63932
49700,-20.283355697034878,375.736,0.971951
49800,-6.7209840763547826,37.1518,2.42118
49900,-26.383343438572766,651.003,0.909065
50000,-46.262605639448729,2062.73,1.45915
50100,-15.251772460673511,205.15,3.91825
50200,-6.4113774612175094,29.8029,1.86787
50300,-5.2074695355911773,40.2702,2.18169
50400,-51.981213631005339,2604.67,1.77524
50500,-40.303268788874668,1548.93,1.52074
50600,-28.973866144405164,784.65,0.878681
50700,-27.822881916064851,725.113,2.00928
50800,-46.76223028744382,2100.1,1.62852
50900,-30.084858087507204,847.732,1.9095
51000,-32.526398075682657,1002.53,2.32661
51100,-6.7754058963518125,45.2541,2.3543
51200,-40.415280325030352,1560.56,2.04141
51300,-18.811408076331542,330.997,2.2093
51400,-54.108753951596064,2839.4,1.80409
51500,-13.827326933216066,165.554,2.7122
51600,-6.8918551381803095,50.4934,2.50234
51700,-45.975456193008313,2026.53,2.75938
51800,-30.863536801433579,899.725,2.12664
51900,-4.5788526744116211,17.0364,3.21202
52000,-24.996298021384018,578.184,2.92051
52100,-38.835077630316981,1432.26,0.637005
52200,-40.155790788061644,1534.5,1.56518
52300,-31.812146486950898,949.815,1.19006
52400,-29.386294841223524,810.05,0.534013
52500,-49.05862152400897,2319.97,2.39204
52600,-16.715907091247658,247.689,3.2057
52700,-8.5447843181383067,59.2553,2.15409
52800,-23.770708307031136,518.878,2.39067
52900,-16.412821987407419,237.508,2.67921
53000,-12.534169656670072,132.89,1.8856
53100,-12.399761366380751,133.445,1.86409
53200,-31.723061235143394,944.585,2.60179
53300,-43.026018615728574,1776.36,1.08426
53400,-9.8485908609313757,82.2893,1.52872
53500,-30.311778237446219,859.167,1.22852
53600,-20.976601612881112,399.126,0.623608
53700,-29.784036759203289,827.296,2.26308
53800,-29.379161240790946,811.492,0.799681
53900,-2.6401887882363893,8.55672,4.42251
54000,-27.177490529073044,691.748,2.9127
54100,-54.932007987198723,2909.78,1.87984
54200,-34.521016425540424,1128.74,2.46723
54300,-61.263523198072299,3634.94,2.33809
54400,-34.699906352602092,1134.02,1.3797
54500,-42.004338125045045,1688.3,2.15745
54600,-10.501510608854703,89.5278,1.43073
54700,-9.1251525686740305,68.493,2.81047
54800,-26.575198676821302,653.277,1.50647
54900,-15.326099955891355,205.807,2.1982
55000,-28.648320214123,761.97,1.12361
55100,-28.117454299609207,733.563,1.7009
55200,-19.802683885388891,351.931,1.93795
55300,-14.67979257251387,186.716,2.28526
55400,-24.539974193629131,556.441,0.590623
55500,-45.940647059059764,2022.62,1.40602
55600,-18.006630791832215,289.933,2.56475
55700,-34.157680071244542,1096.6,2.34735
55800,-24.162757252071142,534.724,2.24657
55900,-33.636708005815017,1063.84,0.523983
56000,-16.900822529415638,250.869,2.06735
56100,-18.414578820432993,300.981,1.36686
56200,-16.207073623597516,229.395,1.0365
56300,-11.957021824776188,118.91,1.92841
56400,-6.1273468713507535,27.7041,1.89416
56500,-20.467886167021614,379.978,2.24488
56600,-1.0010344003454683,27.2871,5.07031
56700,-53.141917567381313,2709.56,3.03741
56800,-47.627002106425543,2167.8,2.76454
56900,-35.869136142893026,1212.95,2.70638
57000,-20.18261185218816,365.559,3.31254
57100,-12.430157808293746,131.201,0.922755
57200,-27.97114485871737,722.856,1.74686
57300,-28.202456904838527,737.804,2.04494
57400,-12.563904439918359,132.345,1.33056
57500,-20.429098995879738,373.987,1.39438
57600,-19.26236200127747,333.095,0.658458
57700,-36.196710705600459,1232.45,0.583575
57800,-31.692391318071369,943.886,0.544336
57900,-4.0567576656147573,9.23386,2.79038
58000,-11.407354572755375,130.929,2.46152
58100,-60.448791400112434,3537.09,2.46253
58200,-22.320803728745005,454.528,1.15398
58300,-43.003209467767348,1756.1,1.75347
58400,-33.152501590884462,1028.49,0.54392
58500,-45.425885776570475,1965.99,1.54026
58600,-31.39026812609935,918.029,0.722484
58700,-21.044333441680987,397.377,0.540317
58800,-24.430019440749874,546.303,1.80568
58900,-8.3498470235885023,52.7225,1.81085
59000,-14.519944096609642,179.696,2.79426
59100,-19.092808148267721,327.867,3.52202
59200,-40.827647079443224,1577.16,2.23871
59300,-32.048370775513696,956.749,2.33705
59400,-25.618481173193572,600.408,1.7154
59500,-32.188895042678226,964.985,2.32192
59600,-27.41298979771495,693.797,0.258819
59700,-10.388475961781431,91.746,3.45284
59800,-34.69477000347424,1127.95,0.618647
59900,-22.500529024896828,456.938,1.44856
60000,-28.958996458587766,781.903,0.707953
60100,-1.1471176516037072,0.0350219,4.26757
60200,-3.1393574250591012,5.75383,2.79336
60300,-16.308985105812223,230.14,1.55776
60400,-18.280351892970433,295.503,3.40723
60500,-5.0219271715047462,15.1372,3.49633
60600,-8.3677362538140247,54.6642,2.51675
60700,-23.974670567690701,523.93,0.715587
60800,-7.2244532151734555,42.5544,1.46686
60900,-30.815575714109464,880.428,1.12732
61000,-23.085200055966606,485.11,0.608292
61100,-3.1440343403858004,9.27559,3.08917
61200,-26.313037374504471,637.453,1.24587
61300,-47.269619933851352,2146.82,1.7556
61400,-2.5103600125640577,44.4978,2.62661
61500,-67.328251052381049,4381.51,3.31442
61600,-48.066322456653772,2216.08,3.09942
61700,-7.9901495349116258,46.634,2.51333
61800,-10.753753571225699,92.073,1.72319
61900,-6.366807970617268,27.0307,1.60429
62000,-5.0409622828267331,16.6007,3.21751
62100,-17.688216816271474,273.435,1.60112
62200,-9.5457697674245487,71.3863,2.77122
62300,-21.153966212715673,399.77,2.06587
62400,-29.978518848140492,829.74,2.02701
62500,-36.634898516090189,1259.21,1.05712
62600,-21.718157628777448,423.504,0.953334
62700,-35.170222477987053,1155.42,1.31028
62800,-28.457464672922434,748.219,2.2863
62900,-49.887216287128446,2372.07,2.56871
63000,-57.560160852142957,3187.59,2.10875
63100,-25.682927929232761,599.935,3.04098
63200,-21.22382689652888,402.672,0.550176
63300,-33.645879373098779,1055.48,1.00189
63400,-49.555025151390836,2345.23,2.33326
63500,-23.229177533387883,485.239,1.71913
63600,-22.257027573458075,444.65,0.854574
63700,-34.021094547349847,1077.65,0.682569
63800,-42.213489015491049,1694.72,2.14218
63900,-6.4160108466493986,33.1259,2.0754
64000,-30.575395096245252,868.627,0.799839
64100,-5.6671621669590806,27.6227,4.30955
64200,-33.286538340360991,1030.2,0.466796
64300,-20.814998007853973,384.127,1.01376
64400,-19.42828377213673,331.704,1.02263
64500,-16.640622862664767,238.748,2.42781
64600,-26.154406079581399,626.956,2.3691
64700,-3.4569334094604023,15.1658,2.6419
64800,-34.985320264673277,1144.55,2.22814
64900,-13.357347895611692,156.306,3.07788
65000,-43.555586975286026,1791.45,1.14365
65100,-42.28729739034469,1689.41,0.866813
65200,-61.451747195520284,3656.69,2.43779
65300,-6.7614270471953333,37.2199,1.75852
65400,-32.431839593302968,974.024,1.61442
65500,-22.701563043266571,460.697,2.21896
65600,-24.305208870169459,533.187,0.977279
65700,-13.344146306395295,147.448,2.67639
65800,-23.602759980310857,500.957,1.0767
65900,-34.081714799534616,1078.39,0.538146
66000,-38.094193878573549,1359.55,1.87963
66100,-24.245645074115135,529.056,1.97344
66200,-31.410556766575315,918.399,1.76805
66300,-60.584725697543291,3546.26,2.35245
66400,-10.025073252877457,84.99,2.24155
66500,-38.206065414337779,1366.17,1.06768
66600,-27.94968174322884,712.754,3.02328
66700,-34.297246265185642,1091.45,1.78925
66800,-35.755837147974482,1199.83,2.16451
66900,-4.5545656325653923,24.438,2.41806
67000,-41.196421834372806,1594.97,1.2172
67100,-33.172502858225663,1018.02,2.06989
67200,-28.245014145970298,727.839,2.72149
67300,-32.810485187463414,1002.17,1.03085
67400,-5.8403536092000001,61.9556,2.46293
67500,-69.250641931165077,4636.47,3.26385
67600,-29.198052468749193,784.35,2.88621
67700,-7.5495974612374468,41.2102,2.43492
67800,-21.211374173587998,397.591,2.39735
67900,-14.623709511641177,183.664,2.44272
68000,-38.2774805697155,1370.88,1.13865
68100,-22.639888048107732,457.266,0.439355
68200,-34.048356748363126,1073.96,1.33626
68300,-24.438356042571399,537.091,1.92537
68400,-13.1080379575788,139.582,1.5559
68500,-13.844617784029198,157.47,1.08835
68600,-13.869514835961319,167.622,3.22331
68700,-44.394781235505491,1865.03,2.07414
68800,-16.430651169791616,229.451,3.18207
68900,-9.6243913502623712,112.605,0.993195
69000,-74.442508031615588,5398.57,3.82969
69100,-4.6326258763453074,17.5997,1.71808
69200,-29.818483466808487,819.43,1.74971
69300,-4.4076886594666789,13.2745,1.82999
69400,-23.726953410455188,507.388,0.376497
69500,-46.287605709005611,2024.29,2.79395
69600,-59.39296483893736,3374.46,2.3744
69700,-46.618329970436974,2054.69,1.66256
69800,-30.538679136595938,862.74,2.14598
69900,-0.97267133608851752,9.86543,4.41377
70000,-31.596197911963305,923.159,0.996508
70100,-1.359990206778757,6.93272,3.50736
70200,-27.613152381726486,691.235,1.286
70300,-20.560998981444531,370.209,1.05049
70400,-24.261180098774112,531.413,1.81241
70500,-1.208861752158072,0.0191239,2.80296
70600,-1.3016713132070146,17.5439,3.36432
70700,-42.768847875524159,1716.81,1.00437
70800,-32.087000106664135,946.052,0.545361
70900,-30.774802076063484,871.085,2.07516
71000,-10.180344229230826,79.0913,0.799329
71100,-1.6286702130191293,17.5426,3.25214
71200,-42.990016616800304,1738.76,1.49847
71300,-23.077550481947839,472.584,2.52249
71400,-23.397209721008441,486.709,0.488808
71500,-27.480940049009021,683.352,0.387643
71600,-30.502921758538243,850.719,0.774942
71700,-23.190483809218627,480.052,3.23336
71800,-6.4461953719954375,26.0688,2.20869
71900,-9.2136038667043572,67.1851,2.37743
72000,-32.276032911176088,956.435,0.889483
72100,-36.370560729162477,1226.19,0.643845
72200,-32.072067296696936,953.184,1.71545
72300,-1.4220956888431073,19.1229,4.53621
72400,-45.015839215280849,1905.31,1.67752
72500,-57.842765529565114,3194.71,2.10035
72600,-37.033744757574389,1273.14,0.952731
72700,-29.724011605417246,804.441,1.16582
72800,-26.822730132507036,648.141,0.513486
72900,-24.912389848297131,554.353,0.618583
73000,-25.707464645258916,600.146,2.41196
73100,-53.109188448460728,2692.28,3.80594
73200,-14.115654229259567,164.662,1.18567
73300,-29.013130018044375,764.187,1.08936
73400,-24.311558589123191,526.792,1.93303
73500,-32.969080115185299,998.018,1.74168
73600,-34.42670365108301,1092.31,1.56018
73700,-29.381360655560137,783.789,0.379657
73800,-28.647419441855401,746.482,3.17253
73900,-11.21800971479572,111.12,1.91022
74000,-48.700464215552095,2251.83,1.80434
74100,-12.145087957661572,115.771,1.05489
74200,-9.3924787094691755,71.4312,0.995134
74300,-36.327510712171176,1223.31,0.628909
74400,-19.452860934452136,332.686,1.79888
74500,-45.023254937261946,1904.15,2.74546
74600,-34.582300531549642,1108.73,0.281013
74700,-7.2667583727797975,48.6938,2.45263
74800,-44.618911348473873,1874.29,0.998789
74900,-18.919590318263054,307.986,0.308407
75000,-30.021262057079866,818.868,0.804902
75100,-33.145092914243946,1007.35,0.623599
75200,-28.906170536446112,760.753,1.70083
75300,-50.133073863630301,2397.06,1.70219
75400,-2.2344938554671061,4.55346,3.3077
75500,-21.897287013313885,419.881,1.26623
75600,-28.058673021388316,711.144,1.20421
75700,-40.009640102806827,1490.79,1.69551
75800,-27.383247906775242,674.617,0.246522
75900,-19.334788098786316,321.753,1.04141
76000,-9.5183262348737898,65.587,2.4846
76100,-6.7752295134066571,28.6014,2.66935
76200,-6.8370043506704734,29.7877,1.59461
76300,-14.26929357034288,166.095,2.1438
76400,-25.739997707409724,596.446,0.888384
76500,-48.976642524545859,2270.07,1.84148
76600,-17.456127543249217,257.81,1.33745
76700,-6.6046153553247482,28.554,2.34527
76800,-20.203696440323039,352.066,1.26335
76900,-21.119401867531497,392.488,1.91305
77000,-43.801990860025697,1801.11,0.888489
77100,-17.045065808230476,243.689,0.826751
77200,-11.032389187465013,97.0637,2.0882
77300,-33.751874250741587,1043.46,0.81748
77400,-30.802247601353333,870.119,1.89652
77500,-1.6031476909484892,0.500949,3.58447
77600,-8.8257960104806497,65.8065,2.51021
77700,-42.308874131780541,1673.66,1.5227
77800,-20.919476067457921,382.322,2.32635
77900,-39.992586608705025,1493.41,0.890218
78000,-69.050830001112487,4575.36,3.02374
78100,-42.262431028680822,1678.14,0.655428
78200,-5.9285819161108728,35.3395,1.30231
78300,-44.855245035655287,1885.32,0.958491
78400,-28.222189459597345,715.719,2.13048
78500,-28.157878637024719,712.089,0.213488
78600,-27.049136298663235,656.523,1.39529
78700,-42.961205588745742,1723.14,1.22076
78800,-28.902278284600339,761.256,0.775131
78900,-58.924895674583503,3303.02,3.02513
79000,-41.117523313504236,1574.04,0.827782
79100,-23.644599926750519,491.419,1.76199
79200,-18.520641487436148,298.817,2.36581
79300,-47.448147551171758,2118.07,1.14881
79400,-23.456180833885483,487.519,0.212822
79500,-1.4391773665567904,15.7884,2.49936
79600,-40.650050760635892,1535.51,1.39728
79700,-16.709928408219831,233.711,0.392273
79800,-31.238003431947348,885.122,1.134
79900,-37.690500125016449,1310.79,1.62263
80000,-27.523912318970162,678.893,0.88131
80100,-14.246602140580062,164.71,1.36174
80200,-28.932464473867189,755.145,0.534101
80300,-12.798983282950951,130.911,1.85208
80400,-30.853764490483485,861.539,0.88215
80500,-25.196857049031902,561.567,0.598903
80600,-19.281743856113067,318.058,0.382618
80700,-33.939656811644035,1052.28,1.02462
80800,-25.159582880810927,562.924,1.65178
80900,-5.9221191784369784,24.876,2.39726
81000,-28.92275598405578,757.378,1.61491
81100,-4.025747988541637,8.69706,2.66307
81200,-19.753915409534454,339.521,0.379756
81300,-46.034557774921012,1983.98,1.12828
81400,-29.573985838871376,788.539,0.591212
81500,-15.999841066203723,209.489,0.333506
81600,-16.243198299056655,216.723,0.395995
81700,-11.967439927977246,108.939,1.02772
81800,-13.54730459104165,155.596,0.869986
81900,-46.508921260521639,2040.55,2.83977
82000,-4.7880240638104157,15.6287,2.64268
82100,-27.129047867589566,654.939,0.763607
82200,-24.349345286589145,521.481,2.1326
82300,-35.09584824259484,1126.36,2.01582
82400,-28.057265714389381,702.948,0.918173
82500,-29.116191278839032,766.116,1.08158
82600,-53.081960853813314,2667.23,1.59738
82700,-19.522387656999012,325.473,1.44875
82800,-34.993113564196207,1118.85,1.45634
82900,-27.870271680745162,697.141,1.56427
83000,-49.057058198949541,2259.79,1.82137
83100,-30.679016529763889,855.367,2.36892
83200,-3.9817500760233839,8.51259,2.17489
83300,-20.107582554887703,344.24,0.162638
83400,-15.264209703767261,188.171,0.453916
83500,-8.8432067161379297,55.6461,1.92632
83600,-25.04846960173786,552.739,1.47168
83700,-13.405983021989908,140.42,1.73986
83800,-8.2311981653093103,46.2362,2.08367
83900,-21.588287066328835,404.951,1.37532
84000,-1.2709354197902578,8.1931,3.33254
84100,-29.302738495330864,768.697,2.28753
84200,-16.180470223855465,213.336,1.18605
84300,-14.979532332460719,180.285,1.72106
84400,-6.8698051082604294,28.2168,2.33931
84500,-2.3230329717047224,6.82362,2.39463
84600,-27.43105708788114,671.79,2.0502
84700,-46.181257611426815,1994.95,1.73625
84800,-21.585500421323054,404.096,1.24449
84900,-1.4711825079837382,0.521919,3.02969
85000,-9.220279770716207,91.0256,1.7147
85100,-65.67008697486493,4143.24,2.90073
85200,-5.6188607318127959,26.2088,1.39391
85300,-36.88145807774854,1248.46,1.47933
85400,-18.580683136378603,289.051,0.909493
85500,-11.097482964187822,90.2739,0.65428
85600,-11.379037012976289,95.6523,1.29691
85700,-11.760070886265362,103.39,1.96598
85800,-7.7554681151079992,41.88,1.32935
85900,-27.520569025647937,677.094,1.0795
86000,-4.3374512669176193,13.3099,1.69508
86100,-28.232571632763761,712.293,2.09546
86200,-9.6178129126553209,64.1243,1.39506
86300,-11.343666849511221,95.0309,1.12545
86400,-5.4556197528866175,14.7411,2.06497
86500,-5.2353606317897379,13.3549,1.46258
86600,-10.302349911128195,75.4589,2.38119
86700,-8.317801285209546,45.5581,1.81181
86800,-16.766409337619727,230.357,0.413445
86900,-7.02505412913208,37.6408,3.22574
87000,-35.872920450647882,1175.44,0.798333
87100,-19.621616550148239,324.666,1.37619
87200,-10.167634544983686,73.4224,0.762333
87300,-17.841867937659401,268.866,1.67832
87400,-42.370808983091621,1659.95,0.88054
87500,-36.046693304272829,1184.88,2.10276
87600,-27.314370003945672,659.617,0.41177
87700,-22.292304771938078,435.156,0.165424
87800,-51.218561833814881,2466.63,1.60602
87900,-21.783862385048327,405.884,1.55115
88000,-16.818182741679678,231.93,1.46146
88100,-29.638155244504944,786.589,1.63303
88200,-12.041837556450966,108.061,0.812738
88300,-15.043796324595167,193.634,1.19863
88400,-52.376014279828183,2583.55,1.6005
88500,-20.188732698766405,364.296,0.986978
88600,-64.996515650961101,4043.65,2.88794
88700,-9.2309312398826879,73.4115,0.998631
88800,-48.935286432179694,2239.06,2.31862
88900,-28.07150116833084,697.757,0.278581
89000,-23.220302937754195,471.539,1.73548
89100,-49.257950347767647,2264.99,1.65517
89200,-48.719158281667113,2214.19,2.65009
89300,-42.934851055599339,1706.89,0.963044
89400,-23.122916898245247,465.046,2.11043
89500,-45.148716424544794,1890.04,1.01151
89600,-46.945348605879971,2053.26,1.4887
89700,-27.290992138939092,656.771,1.4919
89800,-18.985229768449368,305.864,1.47947
89900,-43.789464104329056,1785.99,2.64015
90000,-8.033200090769796,40.3632,2.02038
90100,-9.6611414698207732,63.727,1.90908
90200,-6.508075757621433,23.6966,3.27445
90300,-13.306226418243032,136.571,1.42666
90400,-25.70331665537369,580.778,1.29935
90500,-5.5810225775529823,18.8058,1.72973
90600,-24.783396083583458,534.373,1.74292
90700,-35.631993688426071,1157.11,0.921672
90800,-12.60446150389744,122.659,2.57468
90900,-31.632902607070264,898.258,1.82065
91000,-16.384425399078708,220.515,2.53289
91100,-38.368245422171533,1346.16,1.52086
91200,-24.130796713021454,503.014,0.171466
91300,-27.318067265960789,657.402,0.778188
91400,-15.069559773175635,179.171,1.32081
91500,-7.0129115122834298,31.2017,0.995749
91600,-24.663202349548282,528.241,0.462184
91700,-36.765076682001421,1230.66,2.24317
91800,-22.394256903538981,430.374,0.730453
91900,-39.206491103165035,1405.34,1.60109
92000,-38.299328115921014,1341.02,0.603053
92100,-55.308484313071965,2891.24,1.86045
92200,-11.457643760163315,112.275,0.682499
92300,-52.90956141592681,2624.48,1.78462
92400,-31.162001461593459,866.845,1.84373
92500,-24.14567121003773,503.813,1.50006
92600,-12.199129890233035,109.983,1.18477
92700,-5.7511233297072337,17.7636,1.8344
92800,-18.709780074211366,293.747,2.62694
92900,-42.008407114563944,1635.34,0.921976
93000,-5.5879429677201324,24.7683,1.87632
93100,-36.776761832918936,1231.85,1.81755
93200,-16.038331432643599,206.311,1.67305
93300,-29.963248251355395,796.254,1.61951
93400,-27.739543088628139,675.893,0.738961
93500,-22.498316756578607,432.766,0.448825
93600,-37.105917629496133,1258.99,1.53781
93700,-7.4430342148905524,40.0058,1.16654
93800,-35.175987806426214,1123.18,0.408278
93900,-59.75537336238137,3374.5,2.346
94000,-27.238612779715872,650.302,2.92966
94100,-16.886537199703053,230.644,1.05869
94200,-3.8019524722474993,25.6354,2.01249
94300,-50.109690378227782,2341.27,2.39084
94400,-69.329921505583656,4596.9,3.4172
94500,-12.980406874735614,125.733,1.0102
94600,-13.589741932391533,140.122,0.327612
94700,-7.0730566480369745,28.1569,0.986472
94800,-9.4842071081786301,59.6799,1.20867
94900,-14.365053555495054,159.216,1.65896
95000,-22.843595612067897,443.838,0.839002
95100,-24.886399398684446,537.665,0.335216
95200,-5.893871932478052,23.1055,2.3226
95300,-30.354394399756398,824.799,0.828299
95400,-1.8114126715948111,11.2432,1.9582
95500,-35.284190873197652,1121.37,0.992927
95600,-29.065835073536867,744.966,1.86823
95700,-19.570824727196687,318.755,0.343582
95800,-3.8107097042898737,4.20592,2.36592
95900,-7.6179541426278776,41.5394,1.91065
96000,-34.891592313890399,1098.23,1.8774
96100,-18.054478335826776,264.826,0.884764
96200,-10.977569848360192,85.6877,1.7731
96300,-23.421216817060056,477.048,1.44458
96400,-53.934656353572421,2725.27,1.73354
96500,-26.469218999145564,613.043,0.802196
96600,-4.9708158837309959,10.9953,2.24833
96700,-15.267780077228581,198.897,0.282916
96800,-56.905816829975166,3041.21,2.47518
96900,-33.255794420606946,990.775,0.977219
97000,-47.026146497230449,2057.83,1.27695
97100,-10.513800278080511,76.2763,1.31551
97200,-18.603891322307206,288.18,1.32897
97300,-43.732853141970878,1757.31,0.763268
97400,-36.573407540842055,1208.45,1.82334
97500,-44.659035971148334,1851.66,1.44132
97600,-3.9625527753670262,4.65971,2.4917
97700,-1.3850548466611059,11.5836,2.59909
97800,-34.733699942684652,1077.68,0.378027
97900,-29.399945048544247,764.536,0.921534
98000,-8.7369735120979435,50.293,2.14902
98100,-24.735894953087787,525.078,2.38694
98200,-31.046563459582263,855.78,1.06516
98300,-15.893147883816233,197.79,0.506838
98400,-20.017747642320415,330.729,0.999017
98500,-15.863179074246922,196.749,1.48716
98600,-12.999202791592991,125.415,1.36566
98700,-3.6442620382790976,3.91817,2.65942
98800,-11.841554722056117,100.077,0.801047
98900,-15.466660952273353,185.513,0.372594
99000,-14.663509085710205,164.358,0.908152
99100,-11.463873353943056,112.956,1.49199
99200,-56.267606389500891,2969.79,1.96098
99300,-26.933277930827327,629.004,1.67077
99400,-29.330151690382003,755.065,1.74619
99500,-25.131079624340245,544.97,1.55115
99600,-42.900308426124276,1702.25,1.97471
99700,-1.0119689783091677,7.3715,3.41998
99800,-25.983994340797484,579.351,0.383871
99900,-8.0348297181447528,43.2501,1.2594
100000,-30.677530487624452,830.368,2.98494
