Timestep,Average Reward,C Loss,M Loss
100,-0.0070710371230332646,0.924903,0.00534647
200,-0.0038434273933965445,0.300398,0.00341119
300,-0.0054886723340200061,0.253341,0.00379552
400,-0.0026859192942038546,0.20192,0.00421696
500,-0.010397493722716944,0.187848,0.00378231
600,-0.0079442385313844947,0.0551868,0.0027954
700,-0.0055947401600249793,0.0514192,0.0024284
800,-0.0079023449967429507,0.0485107,0.00260988
900,-0.010547019360974085,0.0242956,0.00239998
1000,-0.0082543945258551649,0.0348596,0.0023411
1100,-0.00056573733781330193,0.0455409,0.00130503
1200,-0.0098621651426300094,0.029224,0.00188453
1300,-0.011278710981205127,0.0182634,0.00197306
1400,-0.0014822996820774339,0.0251837,0.00141789
1500,-0.0035081102990006528,0.00672183,0.000950919
1600,-0.0042279955253944875,0.00259618,0.00118263
1700,-0.0015281353662746496,0.00781901,0.00105831
1800,-0.0071932900819808524,0.00526485,0.00186369
1900,-0.0028193550629104381,0.00272103,0.000827844
2000,-0.011115209866940239,0.00294096,0.001421
2100,-0.0054346923209834851,0.00321803,0.000860458
2200,-0.0036801431914310727,0.00371393,0.0005762
2300,-0.0057189149120666794,0.00215505,0.00137351
2400,-0.0010222855822028599,0.00958175,0.000841185
2500,-0.0023145815797589427,0.00200451,0.00104489
2600,-0.0016157239644473559,0.00231823,0.000966172
2700,-0.010203084205616537,0.00232916,0.000923884
2800,-0.0035932631903466523,0.00100583,0.000473799
2900,-0.0031759296340576225,0.00224996,0.000491145
3000,-0.0040613367082370294,0.0011079,0.00059888
3100,-0.0024570813785905542,0.00776232,0.000551788
3200,-0.0011814353888584715,0.00250761,0.000385061
3300,-0.0026724778795052394,0.000684773,0.000392657
3400,-0.0045241389212986984,0.000650042,0.000427663
3500,-0.0048129807607307437,0.000296822,0.000466161
3600,-0.0094685584695510441,0.000552887,0.00100715
3700,-0.0082735988684938949,0.000252779,0.000660575
3800,-0.0023433375757644244,0.000655421,0.000533321
3900,-0.0024107736504471191,0.00233421,0.000472745
4000,-0.001771858286996866,0.00146535,0.000193486
4100,-0.0015972363131487987,0.00045687,0.00030149
4200,-0.0037636941130576875,0.00109091,0.000594135
4300,-0.0027235610750982755,0.00081672,0.000489873
4400,-0.0039004314079207083,0.000752178,0.000392216
4500,-0.0048050117809735737,0.000493824,0.000276231
4600,-0.0063165497227141241,0.000234273,0.000521392
4700,-0.0079998713262397873,0.000571525,0.00060198
4800,-0.0049568890783257364,0.00113176,0.000532131
4900,-0.0041579162857849185,0.000662114,0.000909705
5000,-0.0093118237568414648,0.000536949,0.000645311
5100,-0.0039326526809159998,0.000290758,0.000187156
5200,-0.012329134882953152,0.000614785,0.000611681
5300,-0.0018990150872908256,0.000912155,0.00036969
5400,-0.010047852639073903,0.000768656,0.00063139
5500,-0.0027878337154557953,0.00623385,0.00066884
5600,-0.0036075259310574728,0.00102915,0.000309803
5700,-0.009255313809753871,0.00032614,0.000478155
5800,-0.0078720904978428936,0.000747496,0.000660742
5900,-0.00095560237064734664,0.000791364,0.000311011
6000,-0.0053995878546182954,0.000318463,0.000240139
6100,-0.0020137259383706339,0.000823915,0.000455534
6200,-0.0030345480176569213,0.000261734,0.000173434
6300,-0.0029005692339826648,0.000331436,0.00041369
6400,-0.0031213877380236242,0.000161898,0.000367019
6500,-0.0041084984244369616,0.000481751,0.00031271
6600,-0.0049971407518286624,0.000274075,0.00028272
6700,-0.0019196905990553539,0.000297941,0.000147936
6800,-0.0083158839486779292,0.000301212,0.000572088
6900,-0.001656522537507116,0.000395219,0.000181924
7000,-0.0004554373604678434,0.00116232,0.000465836
7100,-0.001801267483082749,0.000363766,0.000273646
7200,-0.0033522535787073233,0.000225246,0.000242866
7300,-0.0022987096514333256,0.0012654,0.000373615
7400,-0.0053919520060993729,0.00172977,0.000263253
7500,-0.0024540360194944284,0.000174813,0.000123956
7600,-0.0065923064224021125,0.000255449,0.000305814
7700,-0.0059720453269679922,0.000310825,0.000311544
7800,-0.0083306064653952475,0.000451474,0.000313444
7900,-0.0069856300195274314,0.000344844,0.000423227
8000,-0.00151759915837547,0.00101414,0.000235525
8100,-0.0064051137663032887,0.000413341,0.000185924
8200,-0.012902447183294325,0.000234824,0.000426639
8300,-0.0026160993611819257,0.000480752,0.000185243
8400,-0.0022658327834196908,0.00121765,0.000389174
8500,-0.0098552601594624287,0.000860193,0.000276775
8600,-0.0022751618847052239,0.000334994,0.000209718
8700,-0.0012175168236747767,0.000758698,0.000335832
8800,-0.0077847783413366907,0.00037229,0.000244525
8900,-0.0089060460198821696,0.000213713,0.000238467
9000,-0.0055737577247620849,0.000181954,0.000118427
9100,-0.0076716243755958567,0.000238738,0.000187755
9200,-0.004644477356085943,0.000173217,0.000421835
9300,-0.0015485936208398539,0.000223853,0.000143017
9400,-0.0064347684405088069,0.000271167,0.000409603
9500,-0.0043486301193075344,0.000155012,0.000175451
9600,-0.0061614731661782341,0.000131834,0.000337452
9700,-0.0016480309433473694,0.000229995,0.000267665
9800,-0.0015573781369414589,0.000111183,0.000189471
9900,-0.001865260639944783,0.000575192,0.000307558
10000,-0.0011996903697726604,0.00025311,0.000476678
10100,-0.0043553057438605776,0.000490612,0.000391847
10200,-0.004351830453405434,0.000151938,0.000329412
10300,-0.0029246405590100579,0.000167089,0.000203978
10400,-0.0031605427859221231,0.000158031,0.000227051
10500,-0.00037456797972470438,0.000138341,0.000109905
10600,-0.0011521175379975081,9.70978e-05,0.000235642
10700,-0.0011673471503957666,0.000121934,0.000110999
10800,-0.0060574471329780596,0.000235988,0.000320273
10900,-0.0025607186601807668,0.00013413,8.01811e-05
11000,-0.0028527984179622114,0.000182343,8.58689e-05
11100,-0.0063228266277670156,0.000649995,0.000187153
11200,-0.0064795571966057477,0.000234606,0.0003217
11300,-0.0024436264538180261,0.000962872,0.000164144
11400,-0.0020189486114549817,0.000333119,0.000347291
11500,-0.003991442499836486,0.000366312,9.99901e-05
11600,-0.0010779644748780811,6.82716e-05,7.92551e-05
11700,-0.0034646842762130498,0.000132344,0.000210546
11800,-0.0054449654257009809,0.000221139,0.000142551
11900,-0.0065025275845907804,0.00014806,0.000324687
12000,-0.0016620685437708858,0.000630993,0.000227355
12100,-0.0009774015784234679,0.000414161,0.000329086
12200,-0.0013643521022377212,9.64576e-05,9.8964e-05
12300,-0.0087757329809391646,0.000417444,0.000336005
12400,-0.0052583366980986576,0.000218677,0.000386938
12500,-0.0048431364040297797,0.000107612,0.000176523
12600,-0.00040907812039385672,0.000554714,0.00026385
12700,-0.0019026640534470841,0.000325724,0.000129938
12800,-0.00030323726539814474,8.18959e-05,0.000142499
12900,-0.0044769193470118171,0.000147226,0.000360357
13000,-0.0058041224111903414,0.000131165,0.000450015
13100,-0.0036388356745923871,0.00160565,0.000248301
13200,-0.0046615806357155586,0.000163456,0.0002254
13300,-0.0015814747949749759,0.000241528,0.000147648
13400,-0.0035636859858508229,0.000239664,0.000185386
13500,-0.0055337936569220814,0.000436345,0.000229212
13600,-0.0040012219786435795,0.000199426,0.000275011
13700,-0.0014294379452542722,0.000117231,0.000149789
13800,-0.0022108360037709535,0.000158919,0.000300495
13900,-0.0061242971214134833,0.000188244,0.000254025
14000,-0.009415893280332736,0.000225562,0.000376875
14100,-0.0010826244057469676,0.00122104,0.00014777
14200,-0.0012495672294399545,0.000111645,0.000117745
14300,-0.0055472302901329726,0.000290921,0.000158309
14400,-0.0013341974538443302,0.00034959,0.00042036
14500,-0.0067671848608299133,0.000162694,0.000219267
14600,-0.0067180817677049845,0.00013422,0.000208174
14700,-0.008455316859307907,0.000141692,0.000308845
14800,-0.004948524976139468,0.00016737,8.53644e-05
14900,-0.0024480549321425275,0.000225434,5.56724e-05
15000,-0.0010278949579355489,0.00128715,0.000333423
15100,-0.0027660866756017573,0.000137652,0.000106008
15200,-0.0088148400621332612,0.000186057,0.000464691
15300,-0.0048426848416304501,0.000144581,0.000119355
15400,-0.00045885063474554981,0.000597627,0.000222053
15500,-0.0020436879471314585,0.000277983,5.34795e-05
15600,-0.0012268693945998495,9.0058e-05,0.000139488
15700,-0.007886356851945206,0.000239908,0.000216955
15800,-0.0036451454917791931,8.2646e-05,3.4855e-05
15900,-0.0046451329098959725,9.99495e-05,0.000244104
16000,-0.0056444625690501285,0.00126844,0.000278162
16100,-0.0012163228250998621,0.000113258,0.000199639
16200,-0.0052120611824259689,0.000155548,0.000202945
16300,-0.0030027837284788135,8.42185e-05,8.77902e-05
16400,-0.0079578153485496388,0.000143754,0.000177762
16500,-0.0032532471977180536,0.00012928,0.000252763
16600,-0.00270350297151688,0.000147772,0.000162735
16700,-0.0076589135894459658,0.000142543,0.000329625
16800,-0.0033546592331950699,0.000493491,8.30867e-05
16900,-0.0088717569265515887,0.000357105,0.000207893
17000,-0.0023982017684022645,0.000550551,0.00065167
17100,-0.0048827093122003349,0.00142843,0.000130164
17200,-0.0004165633021898027,7.91643e-05,0.000177285
17300,-0.0090835999248859139,0.000327866,0.000299703
17400,-0.0046276109936825146,0.000115735,0.000206493
17500,-0.0055577085372040128,7.87601e-05,0.000159813
17600,-0.0066011025451350545,0.000147495,0.000184837
17700,-0.0038138787435213271,0.000759337,0.000322871
17800,-0.0027392353943015845,0.00011938,0.000436066
17900,-0.0020322526375364156,7.82969e-05,0.000480085
18000,-0.010684104004311419,0.000331839,0.000376407
18100,-0.0058789521788733664,0.00018025,8.97536e-05
18200,-0.0016046126227535478,0.00105901,0.00017895
18300,-0.0070024665552935843,0.000271393,0.000419982
18400,-0.0018159762759012419,0.000148145,0.000160643
18500,-0.0059526587084658134,0.000501004,0.000121595
18600,-0.00089601732975329112,0.000351087,0.000162737
18700,-0.0070651204443379191,0.000219677,0.00014863
18800,-0.0077607568294013529,0.000143992,0.000360853
18900,-0.00342907858368172,0.000167355,0.00016366
19000,-0.0032207517449372976,7.91881e-05,0.000212798
19100,-0.0041411151158662054,0.000154728,0.000223252
19200,-0.0058570636911817265,0.000186032,0.000307658
19300,-0.00043378216106625247,0.000720194,0.000226584
19400,-0.011620309295870091,0.000628686,0.000400061
19500,-0.0039686923706914769,0.000289615,0.000279624
19600,-0.0086684055683931456,0.000280166,0.000290579
19700,-0.002598092313524663,0.0010574,0.00026136
19800,-0.003786666238277094,0.000106708,0.000133273
19900,-0.0033925627540746495,0.000172627,0.000300614
20000,-0.0015404640502347062,5.20534e-05,6.49428e-05
20100,-0.0099542430166480803,0.000271763,0.000319263
20200,-0.01092343286639872,0.000184151,0.000358757
20300,-0.010870679545678925,0.000235839,0.000258872
20400,-0.0089325378558677438,0.000687916,0.000284587
20500,-0.0013215284827073647,0.00136379,0.000353573
20600,-0.00024107177153499831,6.82292e-05,0.000310144
20700,-0.0054844558502099693,0.000128765,0.000281311
20800,-0.0065634229752512862,0.000230086,0.000208003
20900,-0.00016633804647013742,0.00117436,0.000329688
21000,-0.0063728793346010445,0.000141402,0.00017701
21100,-0.0053650980544168239,8.19714e-05,0.000161451
21200,-0.009885032533519968,0.000520271,0.000235303
21300,-0.0018243083561182488,0.0007581,7.08723e-05
21400,-0.0012823308021262948,0.000323935,0.000371133
21500,-0.0087994094288504094,0.00115403,0.000275612
21600,-0.0018495339084463962,0.00100847,0.000543471
21700,-0.0046218838179791907,0.000661027,0.000115788
21800,-0.011533265242062716,0.000232848,0.00025773
21900,-0.0098374114828894983,0.000212134,0.000341121
22000,-0.0091365128261753064,0.000250407,0.000281497
22100,-0.0053041423873537918,0.000276646,0.000175106
22200,-0.0047361252918625574,8.90077e-05,9.69827e-05
22300,-0.010319854007460071,0.000636773,0.00016818
22400,-0.0079847877436042252,0.000615014,9.29736e-05
22500,-0.003161485740037035,0.000692688,0.00030405
22600,-0.0049415090427008604,9.77462e-05,0.000478996
22700,-0.0047324472721857747,0.000522831,0.000110078
22800,-0.007708694688360487,0.000184413,0.000250382
22900,-0.0063924471528618429,0.000169543,0.000225099
23000,-0.0065810789682628377,0.000205189,0.000227246
23100,-0.0061809711308811336,0.000398798,0.000216516
23200,-0.0026109012814542511,0.000562574,0.000245754
23300,-0.0062009819018242571,0.00012322,0.000348917
23400,-0.010577230702362822,0.000426003,0.000165199
23500,-0.007046982249145883,0.000265794,6.52667e-05
23600,-0.0027614451252073696,0.000303083,0.000119771
23700,-0.0020530697849113146,6.55967e-05,9.62187e-05
23800,-0.0081945708923618025,0.000285013,0.000178243
23900,-0.0020710268390950926,0.00030275,0.000143663
24000,-0.011153046825664426,0.000732211,0.000197635
24100,-0.0012054085073781159,0.000670087,0.000494064
24200,-0.0087679799795868096,0.000401605,0.000192778
24300,-0.01001593175879496,0.000712655,0.000305914
24400,-0.00080814680667108479,0.00128089,0.000273748
24500,-0.0054052558111961132,0.000239331,5.85862e-05
24600,-0.0075821852665293125,0.000128597,0.000116411
24700,-0.005535492824659395,0.000269412,9.01184e-05
24800,-0.0042160997564994447,0.00029239,0.000350043
24900,-0.00320259638793002,8.40969e-05,6.4004e-05
25000,-0.0064399022363948134,0.000458801,0.000135583
25100,-0.0027812068522268395,0.000533398,0.000373419
25200,-0.00041371081915380118,7.89545e-05,0.000242455
25300,-0.001789568421997686,9.7957e-05,0.000123105
25400,-0.0028895518127200499,0.000111832,0.000178832
25500,-0.0047650492778591146,0.000337778,0.000140983
25600,-0.003594924220786745,0.000278374,6.04173e-05
25700,-0.0041393575333870791,0.000477288,0.000329711
25800,-0.0036838053540510819,0.000345692,0.000144674
25900,-0.0029071639604451699,0.000309532,0.000168883
26000,-0.0030609485043200792,0.000233639,4.95426e-05
26100,-0.0039189728336446157,0.00103407,0.000252821
26200,-0.0049758285268294566,0.000165854,0.000167176
26300,-0.0030054414010212043,0.000195856,0.000171353
26400,-0.0010044286286691002,0.000465194,0.000259786
26500,-0.0031877974883126547,0.000314124,0.00013188
26600,-0.0071941302044802105,0.000243828,0.000217529
26700,-0.0073989820655661906,0.000468613,0.000224733
26800,-0.0022822958444239407,0.000856538,0.000108845
26900,-0.0027811608787009874,0.000339367,2.1837e-05
27000,-0.0034068271960170271,0.000140019,0.000185653
27100,-0.0037142938715952604,0.000344128,8.23574e-05
27200,-0.00047868891568525083,0.000238713,0.000112557
27300,-0.0020399915351030622,0.000660152,0.000377498
27400,-0.0073048104471196487,0.000154272,0.000207592
27500,-0.0082658252097014048,0.00113741,0.000281672
27600,-0.00080674222989259514,0.000492506,0.000309695
27700,-0.0055604523716863185,0.000547217,7.32372e-05
27800,-0.0051915448022117391,0.0001654,0.000243797
27900,-0.0054419980653197184,6.44485e-05,0.000135342
28000,-0.0052597461075083616,9.3335e-05,0.000137013
28100,-0.0049843220231749032,0.000321583,0.000121013
28200,-0.0012983646595593327,0.0001977,0.000135192
28300,-0.0027369859166530147,0.000200932,0.000109001
28400,-0.0011834566452238507,0.000334,0.000256418
28500,-0.0021410238589306498,0.000172675,2.05015e-05
28600,-0.001268640938306275,0.000205204,3.92036e-05
28700,-0.0081766017393788259,0.000197935,0.000336944
28800,-0.0047681698906915466,0.000312675,0.000215183
28900,-0.0024424960178597503,0.00101089,0.000135659
29000,-0.00839652179795327,0.000887345,0.000284333
29100,-0.0060842340653755045,0.000113345,0.000113815
29200,-0.0063472461878374244,0.000524876,0.000167784
29300,-0.0045001568049916688,0.000233631,7.50108e-05
29400,-0.0082795969459254666,0.00022225,0.000209773
29500,-0.0046441745782580162,0.000120276,0.000102238
29600,-0.0091313397575650442,0.000265667,0.000101672
29700,-0.0085723351971674789,0.000112665,0.000323679
29800,-0.0070510013821391583,0.00099973,0.000156783
29900,-0.0017989026412492174,0.00351037,0.000229627
30000,-0.0084229615367983398,0.000902859,0.000172941
30100,-0.011705066374307469,0.000151728,0.000326593
30200,-0.0089362400277746695,0.00166008,0.000113008
30300,-0.0023193537183055723,0.000785629,0.000419575
30400,-0.0023154436938040328,0.000135301,2.29824e-05
30500,-0.0079438441328306651,0.000155305,0.000102914
30600,-0.01277082611248619,0.00206304,0.000354334
30700,-0.0028397986204701364,0.000247022,2.83383e-05
30800,-0.0054428562718589722,9.2185e-05,2.5286e-05
30900,-0.01168021135988424,0.00136789,0.000181114
31000,-0.0047873172136992078,0.00102661,0.000183886
31100,-0.0047619850138100432,0.000311743,0.00015344
31200,-0.00047294942085792643,0.00175258,0.000381404
31300,-0.011028425992323707,0.00055935,0.00016987
31400,-0.005843466033986131,0.000749286,7.77393e-05
31500,-0.0038460647935044433,0.00107883,0.00024435
31600,-0.013676913766700563,0.00226881,0.000402927
31700,-0.00097186284708525067,0.000262528,8.52378e-05
31800,-0.0038552403684198565,0.00062684,0.000233263
31900,-0.0077408802634149794,0.000338208,6.34914e-05
32000,-0.0061985001987215592,0.000209701,0.000425247
32100,-0.0091103549111245016,0.000606053,0.000176437
32200,-0.0056045414485485735,0.000605115,0.000104625
32300,-0.0051306344876215085,0.000211127,0.000498798
32400,-0.0080304856028238728,0.000235536,0.000179586
32500,-0.0060047781021243954,0.000314023,6.48398e-05
32600,-0.004890276800441423,0.000182844,0.000139195
32700,-0.002113520994482311,0.000298052,5.69094e-05
32800,-0.0017669590445289101,0.000103948,0.000128581
32900,-0.00082012656201150321,0.000198044,0.000270522
33000,-0.0035756720689528606,0.000212315,0.00017633
33100,-0.0075730910893960458,0.000355109,0.000170344
33200,-0.0032051670252557672,9.20236e-05,1.43751e-05
33300,-0.0059053054240889927,0.000471614,0.000188796
33400,-0.0021946670918706499,0.00163396,0.000213857
33500,-0.0095829011906103448,0.00170225,0.000188408
33600,-0.00068903770677166039,0.000414019,0.0002397
33700,-0.00451518969702894,0.000262605,0.000169911
33800,-0.003250474027809239,0.000156402,7.16117e-05
33900,-0.0067278278909392733,0.000374749,0.000264162
34000,-0.0042225796228306809,0.000217207,0.000114014
34100,-0.0051562804326342601,0.000203372,0.000296707
34200,-0.0073694587624063409,5.76418e-05,0.000104355
34300,-0.0096846691949717088,7.58448e-05,0.000200189
34400,-0.010362603685360582,0.000155778,0.000304057
34500,-0.0064885559197569945,0.000272843,0.000117779
34600,-0.0041615902614864893,0.000162974,4.95888e-05
34700,-0.0053400875976677099,0.000154345,0.000117643
34800,-0.0052052559409723831,0.000723986,5.19601e-05
34900,-0.0010895249202675203,0.000926666,0.000192545
35000,-0.0050946335575711701,0.00022709,5.75038e-05
35100,-0.0063278307799938417,0.000156931,5.79082e-05
35200,-0.0025624250334820519,0.000341585,2.9117e-05
35300,-0.00076966162073513543,0.000309893,0.000123109
35400,-0.00075821869920331825,3.38434e-05,5.74079e-05
35500,-0.0018909305111842053,3.87605e-05,4.28032e-05
35600,-0.0015584579108481752,0.000247092,4.84627e-05
35700,-0.0098041741539718306,0.000582422,0.0002655
35800,-0.010121892523918083,0.000214412,0.000205926
35900,-0.0044265291162727902,0.00131202,3.667e-05
36000,-0.0028562560892042886,0.000467592,0.000391883
36100,-0.0012806132588495916,0.000807005,0.000153905
36200,-0.0041474875731405811,0.000703743,0.00022471
36300,-0.0080806344732369095,0.00178106,0.000189505
36400,-0.0019616277963194085,0.000381224,0.000107844
36500,-0.0013912188296821711,0.000520725,1.58009e-05
36600,-0.0023185736748926604,8.77811e-05,2.38425e-05
36700,-0.003263643607849137,0.000428171,4.72965e-05
36800,-0.0085453339919123877,0.00109416,0.000182472
36900,-0.0034684148799978567,0.000507527,0.000165938
37000,-0.0019272774281816282,0.000773036,0.000145991
37100,-0.0093524100794878558,0.0013386,9.23511e-05
37200,-0.0031369536301902355,0.000584516,0.000123598
37300,-0.0043240374167386082,0.000278086,0.000128067
37400,-0.0027316067899512981,8.49781e-05,8.77407e-05
37500,-0.0016143520063229492,0.0001842,5.16948e-05
37600,-0.0058575666789744052,0.000114411,0.000171882
37700,-0.0035977350274818748,0.000157179,6.13281e-05
37800,-0.0028957633209022353,0.000114167,0.00022816
37900,-0.0020348879831239234,0.000113573,7.40431e-05
38000,-0.0015874051085338638,0.000485063,8.65702e-06
38100,-0.0012054767603173874,0.000897188,0.000133883
38200,-0.0025630865593720686,0.000133894,0.000103079
38300,-0.0026379104797136792,7.81342e-05,0.000134968
38400,-0.0027228778092188489,0.000291656,0.000122847
38500,-0.0091125517898239441,0.00194217,0.000146942
38600,-0.0028985043143153907,0.00035291,7.54989e-05
38700,-0.0068800460945459916,0.00013104,0.000128585
38800,-0.0036106456793311465,0.000107953,5.86981e-05
38900,-0.0093447501994993725,0.000515374,0.000182946
39000,-0.002649108422570939,0.000731591,7.44416e-05
39100,-0.0031073603148562578,0.000664268,0.000328943
39200,-0.0087071586847929389,0.000267854,0.000165461
39300,-0.012809512842628179,0.00104697,0.000516457
39400,-0.002030437690653069,0.00068197,0.000110764
39500,-0.00094570028484628171,0.00048612,8.36346e-05
39600,-0.007307037402957405,0.000491135,0.00015146
39700,-0.002836437239535197,8.87419e-05,5.03977e-05
39800,-0.0024528031472433156,0.000129842,6.07864e-05
39900,-0.0057244818884099194,0.000186745,0.000136472
40000,-0.0080561322885637845,0.00146361,3.59845e-05
40100,-0.0013128861591181929,0.00386722,0.000128857
40200,-0.0098861217904540784,0.000934911,7.14712e-05
40300,-0.010551438772393708,0.00190116,9.13421e-05
40400,-0.00070681156397188634,0.00104439,0.000142616
40500,-0.0012302901370642798,0.000471275,8.12481e-05
40600,-0.0067275943116594551,0.000253811,6.55257e-05
40700,-0.0017346781410249041,5.29309e-05,1.82603e-05
40800,-0.0036903977636385242,0.000433556,0.000144389
40900,-0.0047793524014649652,0.00138854,0.000221238
41000,-0.0068439361401147012,0.000266995,7.87678e-05
41100,-0.0068344773280562222,6.95298e-05,0.000206569
41200,-0.0051390741714244818,0.000353684,3.92555e-05
41300,-0.0031763387803061278,0.000508889,0.000208738
41400,-0.0094708488476458515,0.000559845,0.000224232
41500,-0.0041690503281551243,0.00111542,4.35188e-05
41600,-0.0022228266093077941,0.000181039,0.000315032
41700,-0.0042364910158871182,0.00120722,0.000145099
41800,-0.0085108872920559887,0.000321252,0.000105202
41900,-0.010934789248500337,0.000258648,0.000344566
42000,-0.0078050560272004384,0.000784343,0.00015271
42100,-0.0030754644388106345,0.00166379,0.000150118
42200,-0.0082154957997652416,0.00303918,0.000140549
42300,-0.0011125304256983609,0.00128285,0.000317546
42400,-0.0050583425744122577,0.000950276,5.4488e-05
42500,-0.0024858132934099195,0.000362077,2.34582e-05
42600,-0.0059021525739011479,7.27833e-05,9.17721e-05
42700,-0.0038158519447144489,0.000491746,4.66947e-05
42800,-0.0099458401781035311,0.00211512,0.000166675
42900,-0.0025424032502509453,0.000152128,0.000153827
43000,-0.0021571701995845823,0.000203228,9.64028e-05
43100,-0.0033497634418988161,0.000542055,9.23092e-05
43200,-0.005703488219888659,0.000209237,4.71808e-05
43300,-0.0075604953097682089,0.00240568,7.74684e-05
43400,-0.0013765299066528453,0.00131389,0.000382174
43500,-0.0067848639122128343,0.00173177,0.000105615
43600,-0.00065486688005669163,0.000673493,0.000145382
43700,-0.0058822034934131193,0.00212397,0.000207961
43800,-0.00059196519548701467,0.000804404,0.000165702
43900,-0.005054030961400449,0.000518609,4.45433e-05
44000,-0.0087202624373762319,0.00024689,0.000142681
44100,-0.0067967639042274828,0.00111989,0.000219426
44200,-0.00093431343448235112,0.00164854,4.76278e-05
44300,-0.0047512819535724098,0.00035177,0.000121513
44400,-0.0044175419755049768,0.000664735,4.2218e-05
44500,-0.0043408599815997371,0.00040076,1.99431e-05
44600,-0.010273962350753254,0.00105844,0.000242274
44700,-0.0021524657324412445,0.000109861,0.00016442
44800,-0.0040713300416515838,0.000107038,6.76067e-05
44900,-0.0042555745971613358,0.000408155,4.91033e-05
45000,-0.0059899931005629736,0.000545104,0.000129964
45100,-0.013974888285989315,0.00127945,0.000291087
45200,-0.0028958842338388576,0.000416999,7.81094e-06
45300,-0.0034353025501095368,0.000614542,0.000159694
45400,-0.00961568451254507,0.000107791,0.000228409
45500,-0.0087551724887229739,0.000171543,3.65764e-05
45600,-0.0079250109583947521,0.000717583,0.000113381
45700,-0.0014996314165671262,0.000381438,4.73486e-05
45800,-0.0057662529251180815,5.99248e-05,1.00084e-05
45900,-0.0044676974455950327,2.01499e-05,5.64369e-05
46000,-0.0038009653818525304,0.000735773,6.76957e-06
46100,-0.0013101911923435038,0.00124128,2.97474e-05
46200,-0.012529517219233314,0.0028753,0.000225168
46300,-0.00035474181295327154,0.000217747,0.00010556
46400,-0.0021071212269935936,0.000131398,6.69948e-05
46500,-0.0016802808920831347,0.000157817,9.08062e-05
46600,-0.0021572854788455419,0.000952505,0.000125509
46700,-0.010257076554430353,0.00149441,0.000102831
46800,-0.0016312940399242372,0.000268076,2.9116e-05
46900,-0.0040049377519188103,0.000423434,3.34768e-05
47000,-0.0033079025396955978,0.000422072,4.87704e-05
47100,-0.0051582679389183409,0.00103847,9.13207e-05
47200,-0.0027907648219345706,0.000525291,0.000232582
47300,-0.0018784878157606596,0.000464149,1.36595e-05
47400,-0.0026167422639714975,0.000931022,0.000167947
47500,-0.0093289991893420656,0.000925918,9.01164e-05
47600,-0.002348100699992469,0.000307405,1.90868e-05
47700,-0.0045884312770528516,0.000167031,2.50317e-05
47800,-0.0038578022654588416,0.000599259,7.88559e-05
47900,-0.0013985194742800141,0.000330751,0.000104967
48000,-0.0041067533293132055,0.000730581,0.000194116
48100,-0.010542462298582243,0.000480109,4.77471e-05
48200,-0.006762053244966113,0.000791647,0.000161583
48300,-0.0010655939633700141,0.00190198,0.000135771
48400,-0.008748828940765889,0.000626825,3.53005e-05
48500,-0.0042275021807494286,0.00055019,1.52681e-05
48600,-0.009896260969420945,0.000596333,0.000155942
48700,-0.0030800981642968299,0.000684998,1.72913e-05
48800,-0.00044819471681137551,0.000496696,2.9766e-05
48900,-0.0059626630687850688,0.000219561,0.000200541
49000,-0.0067479686242308476,0.000252699,3.06043e-05
49100,-0.0036603431328037037,0.000109294,4.18598e-05
49200,-0.0040394984372245576,0.000694278,3.96145e-05
49300,-0.0098928561853745406,0.00177408,2.37172e-05
49400,-0.0009754844615242744,0.00228453,9.57836e-05
49500,-0.0046704360868962975,0.000190491,6.62702e-05
49600,-0.0038865629635801407,0.000335302,4.99198e-05
49700,-0.0026744316977464059,0.000137462,0.000100226
49800,-0.0049517365840841083,0.000758931,7.14767e-05
49900,-0.011359849804119637,0.00164551,3.20553e-05
50000,-0.0028802741804936872,0.0012026,1.3982e-05
50100,-0.0077713952067595691,0.000943951,0.000153353
50200,-0.0031054144932208165,0.000171451,5.38964e-05
50300,-0.0029864464464450869,0.000387317,3.53314e-05
50400,-0.0070241987637890144,0.000530287,7.55943e-05
50500,-0.0014523873846828154,0.000184314,4.92018e-06
50600,-0.0018635078030821816,0.000221369,1.88083e-05
50700,-0.0046491799933101154,0.000332271,5.99416e-05
50800,-0.0034597861250575553,0.000105117,6.11551e-05
50900,-0.003848598162544405,0.000148203,3.86208e-05
51000,-0.004248981853621733,0.000153941,6.76143e-05
51100,-0.0018351130320422048,7.85366e-05,1.02988e-05
51200,-0.0030558511503717611,0.000327038,6.40083e-06
51300,-0.009937790379578846,0.00105384,8.89606e-05
51400,-0.0019499885986228663,0.000753353,4.97645e-05
51500,-0.0020730803572979635,0.000154637,7.12869e-06
51600,-0.0066503755288686616,0.00190416,0.000146435
51700,-0.0034894334751329474,0.00136112,4.70887e-05
51800,-0.0028767958628025409,0.000578237,0.000145789
51900,-0.0046839946531833871,0.000402891,8.79831e-05
52000,-0.0080844719596578421,0.00014151,3.71641e-05
52100,-0.0054722242000883152,0.00159306,1.57839e-05
52200,-0.0010738630469469548,0.00150188,0.000122346
52300,-0.0078907840053188388,0.000325939,0.000117429
52400,-0.0070140389410520802,0.000808569,3.31371e-05
52500,-0.0021838625276620841,0.000642238,4.92759e-05
52600,-0.0015229212342540543,0.00023182,9.40754e-06
52700,-0.0043526786860506247,0.000419997,8.5116e-06
52800,-0.0023638015283425767,0.000516998,7.71646e-05
52900,-0.00038806180553580775,0.00129627,1.61894e-05
53000,-0.0067132451201677122,0.000445658,2.23063e-05
53100,-0.0050766616695225439,0.000160024,6.42819e-05
53200,-0.0070163796821961647,0.000996016,6.93274e-05
53300,-0.00099288092015931313,0.00078116,5.08852e-06
53400,-0.0040053357919293767,9.09178e-05,3.2355e-05
53500,-0.0060759248512398467,6.70555e-05,5.46205e-05
53600,-0.0068522758694327616,8.53107e-05,2.25086e-05
53700,-0.0077576508093289021,0.000275968,0.000139685
53800,-0.0072967265976847896,0.000265412,3.08416e-05
53900,-0.0039815129959889601,0.000187366,9.40394e-06
54000,-0.0055040558410991182,0.00134803,9.41014e-05
54100,-0.0016675713754628848,0.000245451,7.95115e-05
54200,-0.0024358534679976831,0.000205873,5.86568e-05
54300,-0.0045905527031484938,0.000277899,6.21042e-05
54400,-0.0022108423573332348,0.000274933,2.86193e-05
54500,-0.0063773981073075624,0.000382413,2.20858e-05
54600,-0.0009441549997866312,0.000301614,3.02576e-05
54700,-0.0031414301787083569,0.000275651,2.14639e-05
54800,-0.0080796636825168824,8.7089e-05,3.38108e-05
54900,-0.008894260669789416,0.00018351,2.26435e-05
55000,-0.0060447704189394635,0.000494274,1.92124e-05
55100,-0.0012451022510744474,0.00104189,3.40515e-05
55200,-0.0077431566898444916,0.000190305,5.01761e-05
55300,-0.0072706097083777375,4.27345e-05,2.55092e-05
55400,-0.0097828018283704528,0.000104879,4.49282e-05
55500,-0.010712697149015784,0.000399307,0.000100217
55600,-0.0038066604012624459,0.000258549,1.16918e-05
55700,-0.0064542099610642566,8.32001e-05,4.51384e-05
55800,-0.0087951972929653181,7.36116e-05,3.93244e-05
55900,-0.0059197399411038739,0.00204375,1.10058e-05
56000,-0.003267117232895439,0.00149845,5.63426e-05
56100,-0.001805750526844117,0.00222732,0.000124325
56200,-0.012226700509511461,0.00236019,3.13136e-05
56300,-0.0029600811115394693,0.00281197,1.28078e-05
56400,-0.0089206290512779535,0.000360388,3.03323e-05
56500,-0.0079915359200477369,3.97914e-05,3.84569e-05
56600,-0.0091712791772444319,0.000696044,1.53742e-05
56700,-0.0038093129175540432,0.000349695,5.10569e-05
56800,-0.0087279832756714162,0.00193308,1.66397e-05
56900,-0.0012263836229540958,0.00016255,3.78426e-06
57000,-0.0023728063431729075,0.000553246,7.06117e-05
57100,-0.0073915290452026099,0.00289785,5.79831e-05
57200,-0.0020358427692271459,0.000298,2.92012e-05
57300,-0.0026538886210367429,0.000359431,0.000111426
57400,-0.0066779669229261231,0.0010387,9.1707e-05
57500,-0.008273140801972962,0.000432041,1.97887e-05
57600,-0.011859328962401806,0.00079092,0.000110127
57700,-0.0044248950643662795,0.000586965,2.93749e-05
57800,-0.0071334723929113841,0.000199525,1.36998e-05
57900,-0.0033661214311394832,9.86328e-05,3.39223e-05
58000,-0.0036515101746078817,8.88613e-05,7.53103e-06
58100,-0.0029752098901965791,0.000327315,2.62065e-05
58200,-0.004478200213366413,0.000129839,2.23212e-05
58300,-0.0080242509304342506,0.00244067,1.71683e-05
58400,-0.00062649948817076388,0.00160781,1.099e-05
58500,-0.0050708991913890888,0.000465224,3.28731e-05
58600,-0.0035951220114570481,0.000123141,1.23082e-05
58700,-0.0060683028437163401,0.0023878,6.89365e-06
58800,-0.0010857907971153101,0.00169334,8.56284e-05
58900,-0.0042471463118398433,0.0006893,4.56063e-05
59000,-0.0045047687053348393,0.00202706,5.2526e-06
59100,-0.0020311591894006469,0.00242084,8.81359e-05
59200,-0.0013646004632333274,0.00100992,1.43978e-05
59300,-0.0040907125628366417,0.000325397,6.631e-06
59400,-0.0091907969260571192,0.00220971,7.87638e-05
59500,-0.001117117144351332,0.00119012,1.62315e-05
59600,-0.0040230310555452436,0.000147923,6.71856e-06
59700,-0.0042237103949166587,0.000475695,0.000128764
59800,-0.010287682586217045,0.000448436,1.22359e-05
59900,-0.0042959128829023223,0.00121731,1.34349e-05
60000,-0.0012614769872256785,2.6811e-05,6.3684e-05
60100,-0.0030007924133233031,0.00178195,3.33014e-05
60200,-0.0093863023330463952,0.000241052,3.92336e-05
60300,-0.0077243142501666516,0.000438616,3.02768e-05
60400,-0.0027372231080841614,0.00130313,8.08234e-06
60500,-0.0011706369637304957,0.00168932,9.19689e-06
60600,-0.0058132260344369233,0.000244383,1.34141e-05
60700,-0.0074720006815983293,0.000116559,1.08919e-05
60800,-0.0079165034103217229,0.0011509,1.24754e-05
60900,-0.0024105699051726139,0.000824371,5.69445e-05
61000,-0.0021207985061206329,0.00104028,2.03512e-05
61100,-0.005316917986542242,0.000531829,3.26095e-05
61200,-0.001503380310878179,0.00190951,8.31911e-05
61300,-0.0082974307936734912,0.000215083,4.60404e-05
61400,-0.0081970079962003159,0.000187259,1.68013e-05
61500,-0.006870201668097045,0.00118985,8.45014e-05
61600,-0.0055240367852628517,0.000782618,5.24352e-05
61700,-0.0034651595711153206,0.00148497,2.44629e-05
61800,-0.0067829523960045756,0.00130597,0.000117737
61900,-0.0041167938862081864,0.00201575,1.7372e-05
62000,-0.0077208082768365112,0.00147941,3.4205e-05
62100,-0.0019454877945617077,0.00193708,0.000126054
62200,-0.010434092013255522,0.000735792,2.74819e-05
62300,-0.0049146792929328281,0.000865769,1.41736e-05
62400,-0.0096567824164633422,0.00289077,8.17605e-05
62500,-0.0020722527973056622,0.000470117,1.3403e-05
62600,-0.0021683015146119057,0.000721758,1.80393e-05
62700,-0.0050413351233306912,0.00174075,0.000129975
62800,-0.0038152516683671389,0.000784681,2.07424e-05
62900,-0.0028757434967708285,0.000377971,6.55188e-06
63000,-0.0074344436051828819,0.00159079,7.64747e-05
63100,-0.0023644295807138675,3.81297e-05,1.79519e-05
63200,-0.0034124820989339028,0.000430188,2.01897e-05
63300,-0.0058176209578086344,0.000186323,7.92037e-05
63400,-0.0093451204342285127,0.000151425,1.08214e-05
63500,-0.0065665424632183576,0.000253176,9.69039e-06
63600,-0.0043229476178634884,0.000246929,2.57465e-05
63700,-0.0057292167235221949,0.00020483,7.12286e-06
63800,-0.0056191248132888907,4.14141e-05,1.95204e-05
63900,-0.007398028453354407,7.39537e-05,4.83503e-05
64000,-0.0067226795151519234,0.00091504,6.60685e-06
64100,-0.0024566392555501432,0.000447673,1.21653e-05
64200,-0.00066929828001932774,0.000203591,1.62715e-05
64300,-0.0021622843355966477,0.00107607,1.76494e-05
64400,-0.0042657031665017118,0.000386155,3.09217e-06
64500,-0.0072828972526752843,0.00177883,7.57394e-05
64600,-0.0014088062753617647,0.0012073,8.96563e-06
64700,-0.0051415807448424574,0.00274703,7.87562e-06
64800,-0.0026531152085538913,0.00101944,6.49073e-05
64900,-0.002229128590247883,0.000510997,4.56836e-06
65000,-0.0098227696004351082,0.000578496,9.43857e-05
65100,-0.0020762461425233515,0.000221274,3.838e-05
65200,-0.0050473688923293302,5.62129e-05,1.52941e-05
65300,-0.0032498845599560813,0.000676547,1.83467e-05
65400,-0.011971333238718927,0.0031092,0.000110973
65500,-0.00071931550790839969,0.000569408,1.06012e-05
65600,-0.0028323091593724374,0.000608441,7.6523e-06
65700,-0.010107764677341169,0.000140019,3.68707e-05
65800,-0.0055667351605976634,0.00083886,5.11083e-06
65900,-0.001483145504584987,0.000602795,5.34834e-06
66000,-0.0028977522357536449,0.000459166,2.37376e-05
66100,-0.0092653536055517533,0.00116732,1.98513e-05
66200,-0.0030313250232577547,0.000499732,1.21906e-05
66300,-0.0013911611071058671,0.000741412,2.98111e-05
66400,-0.0027526036068101327,0.000536534,6.42401e-06
66500,-0.0003725168514740191,0.00123541,3.41313e-06
66600,-0.0059673019067113956,0.00022887,4.22896e-05
66700,-0.0081454041916441799,0.00163944,6.11801e-05
66800,-0.0042012445163705685,0.000454967,2.85182e-05
66900,-0.0037236821910839753,0.000373615,6.76636e-05
67000,-0.00077216301434772957,0.00048883,9.93795e-06
67100,-0.0015632801930825545,0.000718771,6.28162e-06
67200,-0.00089622840157861606,0.000399341,6.7808e-06
67300,-0.0014900557822588403,5.10045e-05,3.49782e-06
67400,-0.00051375293269888354,5.87396e-05,2.9583e-06
67500,-0.003334153628681941,0.000235449,6.37599e-05
67600,-0.00080793404339948925,0.00021477,3.93144e-06
67700,-0.0015510211490115341,0.0016366,9.73131e-06
67800,-0.0065692890721109672,0.000274031,3.20738e-05
67900,-0.0073391710755657934,0.000630025,5.06289e-06
68000,-0.0014227415689292916,0.000459796,2.42872e-06
68100,-0.0056614772595105613,0.000152999,4.4052e-05
68200,-0.0036920048392834852,0.00065809,7.07586e-06
68300,-0.0014094057934336112,0.00133324,6.48955e-06
68400,-0.0088069638661308521,0.00240021,8.14242e-05
68500,-0.0015997391623091542,0.00248256,1.24531e-05
68600,-0.0097668819200245512,0.000314542,5.93703e-06
68700,-0.0082870168965553277,3.13883e-05,1.09469e-05
68800,-0.007046856918809595,0.00179961,8.72393e-06
68900,-0.0016654917779722225,0.00318821,1.16784e-05
69000,-0.011004411636655465,0.000349713,4.71395e-05
69100,-0.0077877943853501717,9.85244e-05,6.54899e-06
69200,-0.0075028289460253757,0.00197408,4.56032e-06
69300,-0.00090263643378160434,0.00211965,0.000103886
69400,-0.0090069515371288215,0.00117577,5.73304e-06
69500,-0.0048279032787977997,0.000183326,1.78933e-05
69600,-0.0020111787169081554,0.00122163,5.63456e-05
69700,-0.007501185307193149,0.000646255,4.33961e-06
69800,-0.006732454100290189,8.26619e-05,7.71194e-06
69900,-0.0038217648576134265,0.00022782,1.62718e-05
70000,-0.0018127764942992616,0.000677486,1.69173e-06
70100,-0.0083482147190976717,3.3095e-05,3.36773e-06
70200,-0.0078695474833137651,0.00139588,0.000106925
70300,-0.0041756737441720473,0.000321587,9.48058e-06
70400,-0.0029062676429128355,0.00146767,5.51324e-06
70500,-0.00024554887703582938,0.00558716,8.07286e-05
70600,-0.007428293796541312,0.000917564,4.74281e-06
70700,-0.001871965132455054,0.00120541,3.89557e-06
70800,-0.010107904928931412,0.00021059,6.24496e-05
70900,-0.0069052166060119997,0.00321949,7.69055e-06
71000,-0.00045942923736715167,0.00147957,5.37168e-06
71100,-0.006104282526977093,0.00129868,2.8086e-05
71200,-0.0033188741108182746,0.000520845,5.15295e-06
71300,-0.0041854174404703176,0.000205019,1.6446e-05
71400,-0.0031272403867859283,4.28376e-05,5.26866e-06
71500,-0.003280906767865902,0.000105078,3.57945e-06
71600,-0.0013925176752485932,0.000435623,1.75171e-06
71700,-0.0022194331425826031,9.25531e-05,5.6558e-05
71800,-0.0024391759517301452,0.000406109,3.52118e-06
71900,-0.0024990252687727994,0.000484919,2.47664e-06
72000,-0.0014514449486910145,0.00240231,8.10435e-05
72100,-0.0074350071866207826,0.000238947,3.306e-06
72200,-0.0078949564556826477,0.00132541,2.70945e-05
72300,-0.0026940405730177925,0.000402259,1.64183e-05
72400,-0.00051593843904703654,0.000550204,3.31766e-06
72500,-0.0047041886153092807,0.000468344,7.0087e-06
72600,-0.0095980075533382767,0.0004829,4.33713e-05
72700,-0.0044536546604884032,0.00101603,4.78426e-06
72800,-0.011133960119758599,0.00185082,4.61975e-06
72900,-0.0016074693360937252,0.000780437,2.44085e-05
73000,-0.0040783552037983338,0.000148906,5.70179e-06
73100,-0.0060753252259198474,0.000374963,1.20799e-05
73200,-0.0083650342364248106,0.00380033,8.97568e-05
73300,-0.00026648145892247576,0.000459553,4.77481e-06
73400,-0.0013090545437676889,0.000311713,2.8615e-06
73500,-0.0052922478135136487,0.000304205,8.53485e-06
73600,-0.0066836484397228791,4.86314e-05,5.02611e-06
73700,-0.0079305319125459149,0.000364514,4.70512e-06
73800,-0.0075490497483520136,0.00245622,0.0001156
73900,-0.001295825271084529,0.00287752,4.26044e-06
74000,-0.010030329806018267,0.000963155,1.16282e-05
74100,-0.0039075942588593674,0.000905999,9.36905e-05
74200,-0.0031023257356051349,0.00117812,6.54425e-06
74300,-0.0069879355545275799,0.000957923,6.92179e-06
74400,-0.0029524182518478807,0.000349903,8.0508e-05
74500,-0.0014921244766307007,0.000828249,3.16154e-06
74600,-0.0041294899306620397,0.00140111,4.64763e-06
74700,-0.0010040141269477166,0.000950874,4.93179e-05
74800,-0.0027127757943601134,0.000175406,4.42206e-06
74900,-0.0023171450192505513,0.00019444,4.48113e-06
75000,-0.0043794670483755412,0.000112912,2.66105e-05
75100,-0.0018356483742392746,0.000801284,1.37118e-06
75200,-0.0084907825702854114,0.000648281,3.16057e-06
75300,-0.0066439292082474503,0.00119178,9.54482e-05
75400,-0.00085809015630696839,0.00151047,4.42157e-06
75500,-0.0053339174353950825,0.000947289,2.36664e-06
75600,-0.0016270147339137442,0.0001598,5.35774e-06
75700,-0.002997951560501211,0.000110633,2.29814e-06
75800,-0.0033969246328712749,0.000134631,8.92812e-06
75900,-0.0059072520169946739,0.000820873,4.64715e-05
76000,-0.0044425773604168332,0.000486749,4.8662e-06
76100,-0.0009726735439121322,0.000868537,1.42468e-06
76200,-0.0056226559720451187,0.000478309,1.67288e-05
76300,-0.0027459598873112042,0.000154876,1.71669e-06
76400,-0.0014461151356089028,0.000420631,2.05441e-06
76500,-0.0053973771994597127,0.000710733,2.17084e-05
76600,-0.0017114190282600556,8.77598e-05,4.39868e-06
76700,-0.0025980864120345119,0.000189571,1.81933e-06
76800,-0.0040580346384942361,0.000284621,5.50559e-05
76900,-0.0041477573938548387,0.000487133,3.03189e-06
77000,-0.006146576959236311,0.000103016,2.47202e-06
77100,-0.0039384308347451972,0.000119947,4.74632e-05
77200,-0.0067281348261199365,7.4868e-05,3.74415e-06
77300,-0.0080033673771936972,3.95407e-05,4.95227e-06
77400,-0.0096483758792676819,4.16875e-05,4.15649e-05
77500,-0.010872367601646993,0.000402058,6.57417e-06
77600,-0.0060350288469895423,0.00132017,8.0638e-06
77700,-0.0024521491051017964,0.000501497,5.26461e-05
77800,-0.0005660462199707924,0.000714989,3.59135e-06
77900,-0.0069553827346535459,0.000939108,1.32734e-05
78000,-0.0067337528173210658,0.000596656,1.18219e-05
78100,-0.0040444988236006032,5.01924e-05,4.47654e-06
78200,-0.0049752723892855814,0.00139848,4.46785e-06
78300,-0.0011967855864716084,0.00313685,8.48028e-05
78400,-0.0087092302256119164,0.000308139,5.11603e-06
78500,-0.0071666832961545879,0.000107751,3.15648e-06
78600,-0.0080168034884761687,0.00015272,5.19747e-05
78700,-0.006689136304619917,0.000809793,8.68301e-06
78800,-0.0037180211753108207,0.0025869,6.59228e-06
78900,-0.0099834758393942229,0.000231435,8.82059e-06
79000,-0.0073245746270405622,0.00113098,3.40367e-06
79100,-0.0039400529980078147,9.98151e-05,3.16757e-06
79200,-0.0014303400030474492,8.05626e-05,1.158e-05
79300,-0.003986836384060579,0.000552606,8.56797e-06
79400,-0.00088449090220129201,0.00116597,3.09878e-06
79500,-0.0086247251146282355,0.000948816,9.16895e-05
79600,-0.0030934252530184759,0.000580456,2.60304e-06
79700,-0.0052812739184367229,0.0012736,9.13279e-07
79800,-0.0041846786055855624,0.000776561,0.000109358
79900,-0.0040754764886622068,0.00156358,4.17079e-06
80000,-0.0011170685417816043,0.000605445,5.61882e-06
80100,-0.0049107825497768463,0.000284475,0.000116724
80200,-0.0087392178410974717,0.000465586,5.90732e-06
80300,-0.001623262444864611,0.000159169,6.34474e-07
80400,-0.0018186208744327894,0.0001333,1.13696e-05
80500,-0.0012387875284315688,4.07509e-05,1.44361e-06
80600,-0.0025161623356400849,0.00120158,2.29437e-06
80700,-0.011756050453560412,0.00345435,0.000105839
80800,-0.0025132978361446178,0.000294082,5.28344e-06
80900,-0.0046493477034854772,0.000336401,4.44798e-06
81000,-0.0026715555425081143,1.58165e-05,7.06592e-05
81100,-0.0041108213123545951,0.00016119,2.77522e-06
81200,-0.0023753770469325777,0.000562957,3.33788e-06
81300,-0.0052773223024085584,0.000180102,6.77534e-05
81400,-0.0078788559510619399,0.00167646,6.71882e-06
81500,-0.0033468886147762296,0.000491831,7.92632e-06
81600,-0.001919658497185056,0.00027872,5.18494e-05
81700,-0.0025784963061230349,0.000164859,3.18607e-06
81800,-0.0024343432565468379,0.000605602,1.24337e-06
81900,-0.0035397913691964118,0.000853358,7.52402e-05
82000,-0.0046940420212623866,0.00024836,1.30466e-06
82100,-0.0039049157204953037,0.0020333,4.22205e-07
82200,-0.0011105874084071511,0.00150731,3.0001e-05
82300,-0.0033103068693944642,0.000349439,2.59046e-06
82400,-0.0014539033872609506,0.000300852,4.10169e-06
82500,-0.003875431521045079,4.05458e-05,9.07329e-05
82600,-0.0032340484330069448,9.08649e-05,2.06414e-06
82700,-0.0029514298285960349,0.000221192,2.10455e-06
82800,-0.0030956981295165971,0.000406181,1.65226e-05
82900,-0.00078000590844861176,0.000300033,1.65707e-06
83000,-0.003523603074603665,5.69897e-05,2.96791e-06
83100,-0.0017302076184649714,5.50346e-05,3.0161e-05
83200,-0.002423063712592783,6.79804e-05,2.03066e-06
83300,-0.0022176791432049988,9.96966e-05,1.2087e-06
83400,-0.0028642334973738664,0.000168143,8.51337e-05
83500,-0.0072468336332498443,5.61954e-05,3.27169e-06
83600,-0.0081298483153070134,0.000343273,3.22312e-06
83700,-0.0027351485390688596,0.00100021,4.85208e-05
83800,-0.0047892419096404529,0.000550617,1.69231e-05
83900,-0.0080810649664930182,0.000684071,3.98076e-06
84000,-0.0045787725777926818,0.000226291,8.33847e-05
84100,-0.0048326694038371247,0.000250893,2.60086e-06
84200,-0.0044192900102055866,0.000153656,8.98962e-06
84300,-0.0012475357158551407,0.00132521,6.76461e-05
84400,-0.012650179852036701,0.000290592,5.24364e-06
84500,-0.0077900947056823234,0.000145488,8.13878e-06
84600,-0.0053268287906320629,0.000123093,5.3503e-05
84700,-0.0034235668338349584,0.000523509,2.85843e-06
84800,-0.0091499988584114837,0.000767841,5.20321e-06
84900,-0.0018815379563467873,0.000456924,3.79244e-05
85000,-0.0059242743870040315,0.000625287,2.55562e-06
85100,-0.012167838700288123,0.000792354,7.36548e-06
85200,-0.0038944661955501018,0.00111837,1.59651e-05
85300,-0.0016524636334507151,0.00164019,2.07846e-06
85400,-0.010407653310227791,0.000430004,4.21637e-06
85500,-0.0078753089457270584,0.000415785,5.34482e-05
85600,-0.0052398253992166884,3.95468e-05,3.97026e-06
85700,-0.0041805371203256746,2.29721e-05,1.14275e-06
85800,-0.0036328835464031341,4.5366e-05,3.14483e-05
85900,-0.0059393558123240495,5.4629e-05,8.40334e-06
86000,-0.005140319309427285,0.00136206,4.6256e-06
86100,-0.0018211672789973554,0.00145406,5.62298e-05
86200,-0.002772643791492778,0.00014869,7.77242e-06
86300,-0.0018963897402603323,0.000220065,1.30948e-06
86400,-0.0041627953919989085,0.000177442,3.7102e-05
86500,-0.0077010508405553658,0.000826711,2.25727e-06
86600,-0.0044897509255671661,0.000806579,2.45933e-06
86700,-0.0066178054082601419,5.30438e-05,4.87322e-05
86800,-0.0077630386822172496,0.000730177,9.41335e-07
86900,-0.0038107016039889896,0.00180913,2.50619e-06
87000,-0.0086345981655903421,0.00341677,8.43454e-05
87100,-0.00073516361272402348,0.000938836,3.77011e-06
87200,-0.0081019782989340573,0.000714084,3.38868e-05
87300,-0.0085480832054020666,0.000441392,5.86371e-05
87400,-0.0043110613778460493,0.000493538,3.46327e-06
87500,-0.0016168359623371751,0.000351078,2.04913e-06
87600,-0.00376313843367025,0.000300649,4.6904e-05
87700,-0.0054202780452047676,0.00179214,9.03595e-07
87800,-0.0013472119057741047,0.00186031,1.24707e-06
87900,-0.0050757364222431276,0.00014925,7.51858e-05
88000,-0.0050724012284453623,0.000167087,3.16931e-06
88100,-0.0040591322514829699,0.000860424,2.17905e-06
88200,-0.00091624760861321649,0.000675112,1.65666e-05
88300,-0.0040716707137342101,0.000168854,3.86059e-06
88400,-0.0041289681739564259,5.76269e-05,1.87322e-06
88500,-0.0081828975958803327,9.39334e-05,2.85049e-05
88600,-0.0040837663624811692,0.000806295,9.06688e-07
88700,-0.0024548054896675934,0.00066637,2.78835e-06
88800,-0.006108954283975618,7.53339e-05,1.41164e-05
88900,-0.0054947127312607478,0.00142472,5.17727e-07
89000,-0.0029355990262513163,0.000175883,1.98182e-06
89100,-0.0041833679395509808,0.000422256,3.95594e-05
89200,-0.005964902786488477,0.000237039,3.62236e-06
89300,-0.011863272125210727,0.000713273,3.27441e-06
89400,-0.0056963554565537481,0.000990882,0.000107793
89500,-0.0086059069211741005,0.00037262,3.19873e-05
89600,-0.0012010091274121772,0.000190402,6.7692e-06
89700,-0.0043830105743590739,4.60697e-05,8.68462e-06
89800,-0.0045682171848206018,0.000204953,1.36459e-06
89900,-0.0097924230662246679,0.00299324,5.36599e-06
90000,-0.0020671036489785478,0.00062193,6.38807e-05
90100,-0.0041627904864606482,0.000563247,2.76546e-06
90200,-0.0015406765189569268,0.000620976,2.18268e-06
90300,-0.0034488793561391405,0.00135321,2.84416e-05
90400,-0.00061362922455424724,0.00131935,2.21765e-06
90500,-0.0045447569233971231,0.000354839,6.2533e-07
90600,-0.0052726207306797827,0.000698675,5.62852e-05
90700,-0.0020372637189267108,3.73588e-05,4.31759e-06
90800,-0.0006985661330058177,0.0020277,1.62104e-06
90900,-0.011187842587632484,0.00312906,9.02233e-05
91000,-0.0033342095451210367,0.00108481,4.13407e-06
91100,-0.0042138961750448041,0.00102827,2.14823e-06
91200,-0.011687550362709846,0.00223561,0.000142813
91300,-0.0024357660237764303,0.000411808,2.5138e-06
91400,-0.0042258320719347504,0.000129343,5.32623e-06
91500,-0.0071009993840406042,0.00011622,4.52402e-05
91600,-0.0079371085490013912,0.000738135,4.96309e-06
91700,-0.001731349564069444,0.000819984,1.02368e-06
91800,-0.005671318801140266,0.00157948,7.59764e-05
91900,-0.001614843877474115,0.000927896,9.7747e-07
92000,-0.0019970105438600425,0.000268721,2.29324e-06
92100,-0.0046245227576601818,0.000673059,8.50009e-05
92200,-0.0036100021459737701,3.71516e-05,3.22539e-06
92300,-0.0014168484148345418,0.000390252,1.56126e-06
92400,-0.0060344544332110303,0.000126669,5.14152e-05
92500,-0.0055863208433025039,0.000115226,2.64046e-06
92600,-0.0032667310668444472,5.57401e-05,1.28474e-06
92700,-0.0083831707016643435,0.000293141,4.36558e-05
92800,-0.001662823995447307,0.000366128,3.69519e-07
92900,-0.00540161350155646,8.19263e-05,2.13043e-06
93000,-0.0048498400754075069,0.00168326,7.50363e-05
93100,-0.0007078490119571863,0.000914982,2.44555e-06
93200,-0.0046599541476245246,0.000713488,1.47794e-06
93300,-0.0096827006771734794,0.000627169,5.62064e-05
93400,-0.0069886911911732352,0.000368092,1.18342e-05
93500,-0.006013689077694828,7.5617e-05,4.06142e-06
93600,-0.0066401327848954021,0.00019599,4.55315e-05
93700,-0.0047619407378330647,0.0005939,2.21489e-06
93800,-0.0052030519640737464,1.47556e-05,6.33196e-07
93900,-0.003799953508502429,0.000684015,5.03703e-05
94000,-0.0022530661492786062,5.7745e-05,1.28353e-06
94100,-0.001491272877449816,0.000327791,1.45757e-06
94200,-0.0040185340750246235,0.000114977,1.83182e-05
94300,-0.0060946942119111183,0.000208559,9.82463e-07
94400,-0.007135988427636665,0.00156367,7.70819e-07
94500,-0.0017028656738127515,0.000464075,8.99294e-06
94600,-0.0041816482906454292,0.000284254,1.7778e-06
94700,-0.0077278004256626856,0.00077318,2.86751e-06
94800,-0.0026987369261841304,0.00152065,7.27095e-05
94900,-0.0087337732522655212,0.000995253,1.38752e-06
95000,-0.004758251799948778,0.000637303,2.23177e-06
95100,-0.0014086697318466033,0.000219407,6.05142e-05
95200,-0.0041249907205868396,5.26931e-05,1.00851e-06
95300,-0.0049282915820542074,0.00105961,2.39703e-06
95400,-0.0014210706185882665,0.00350249,0.000112677
95500,-0.0077324758790335082,0.00207525,1.86257e-06
95600,-0.001248091815134386,0.000213195,7.89171e-07
95700,-0.0021319404506229241,0.000769826,9.74381e-05
95800,-0.0077470986495128923,0.000239708,8.43412e-07
95900,-0.0066786276960740919,0.000195083,2.43764e-06
96000,-0.0038822514135762177,0.000168519,9.7421e-06
96100,-0.0026122804803062217,0.000445132,1.36053e-06
96200,-0.010143362790914911,0.00194838,3.32763e-06
96300,-0.0013003043540178547,0.000713504,1.81847e-05
96400,-0.0008816569628155213,0.00356422,2.80304e-06
96500,-0.0076632093472481814,0.000334704,2.24807e-06
96600,-0.0047682721079034054,0.000156301,1.05284e-05
96700,-0.0067763602905489039,0.000753815,1.03226e-06
96800,-0.0025261229869191549,0.000228986,9.77195e-07
96900,-0.0049024003440067436,0.000107763,2.36506e-05
97000,-0.0016954229612602999,0.000234133,4.56198e-07
97100,-0.0084142245540704281,0.00112406,1.99812e-05
97200,-0.0007412593984839189,0.00196989,0.000103444
97300,-0.012016671023658408,0.000981395,2.88678e-06
97400,-0.0084106624094565444,0.00139567,8.02643e-07
97500,-0.0039387655899454158,0.000380398,9.65254e-05
97600,-0.0022665275126791101,0.00042276,1.90036e-06
97700,-0.0048666234507716696,6.62429e-05,1.48031e-06
97800,-0.0039538916041249837,0.000800872,6.60684e-05
97900,-0.0010793253669319255,0.00223807,1.96451e-06
98000,-0.010376913184977883,0.000281012,1.40963e-05
98100,-0.0059101889034429526,0.000751705,6.8657e-05
98200,-0.0031838237671151636,0.000809936,1.76105e-06
98300,-0.0047982772869924993,5.45491e-05,4.24945e-06
98400,-0.008374312152649617,0.00181413,8.41999e-05
98500,-0.0027793370301112522,0.00144954,3.51988e-06
98600,-0.0042542162308715622,0.00092722,1.94219e-06
98700,-0.0016004632816084652,0.00110433,5.2417e-05
98800,-0.0073556041429768881,0.000497515,2.13037e-06
98900,-0.0029267267048153273,4.58935e-05,6.27482e-07
99000,-0.0030595494170605393,2.0958e-05,2.69248e-05
99100,-0.0042888502562182613,0.000306654,1.97488e-06
99200,-0.0073672767461533863,0.000511926,9.40485e-07
99300,-0.0039167580477515321,0.000666701,6.75277e-05
99400,-0.0028258619004533697,0.00221817,3.39731e-06
99500,-0.0099810940526901641,0.00111581,2.93896e-06
99600,-0.0040496763312186084,0.000465659,5.33144e-05
99700,-0.0034020096393428318,6.04976e-05,7.86826e-07
99800,-0.0050848237599158911,1.30748e-05,3.08685e-06
99900,-0.0077608467560838102,3.06912e-05,5.30269e-05
100000,-0.0043084230416000182,0.000388621,2.17668e-06
