Timestep,Average Reward,C Loss,M Loss
100,-1.3807126248648536,1.30748,0.287897
200,-2.3288855841987446,2.89839,0.313113
300,-0.70997915505109088,0.488294,0.142551
400,-1.3529917505389226,1.20339,0.283282
500,-0.32466143464109382,0.183653,0.167591
600,-1.1084936904201499,0.708042,0.48017
700,-0.85507084911963871,0.420902,0.526615
800,-0.66565002249002547,0.242096,0.302812
900,-1.742127356487434,2.23897,0.298434
1000,-1.3524292348462783,1.10712,0.280049
1100,-0.42410411159663824,0.0657339,0.264366
1200,-1.1931112508062001,0.997531,0.444433
1300,-0.8844620460098046,0.452043,0.242614
1400,-1.5411203859325142,1.56961,0.0265651
1500,-0.16307479009286968,0.0589775,0.258439
1600,-0.31950827661056336,0.0461272,0.231066
1700,-1.7589402312820221,2.2256,0.192597
1800,-0.51542466800735398,0.0548032,0.390576
1900,-0.72275480345293586,0.22518,0.168399
2000,-0.22409653922830511,0.0156936,0.373131
2100,-0.80730561700041781,0.42072,0.338458
2200,-1.3590679203895981,1.3328,0.0483743
2300,-0.76614929657187658,0.308866,0.0689724
2400,-1.5752011991248274,1.76934,0.18828
2500,-1.7725707472131373,1.95208,0.164618
2600,-0.58066808550219273,0.0718805,0.296986
2700,-0.99124756426437743,0.55228,0.113084
2800,-2.3434445484494457,4.57014,0.28478
2900,-2.558629245656304,5.56281,0.193427
3000,-2.6535267286579631,6.2361,0.314633
3100,-3.2391661963401588,9.38446,0.212057
3200,-2.2329080295063837,4.07938,0.0450579
3300,-0.46560349178215199,0.0928914,0.386645
3400,-2.2512628058640667,4.32138,0.200202
3500,-0.2874200463141347,0.0282386,0.146186
3600,-0.39730163295100579,0.080796,0.235027
3700,-1.2346255505128452,1.24744,0.285153
3800,-0.37701801436325555,0.0684844,0.197622
3900,-0.44144671875566371,0.112346,0.264132
4000,-1.7226254805169037,2.52564,0.466096
4100,-0.87458418753784084,0.54086,0.21835
4200,-0.5010873939704058,0.133548,0.145416
4300,-0.91467523133930895,0.625228,0.0992759
4400,-1.3451398403034565,1.45014,0.112034
4500,-0.49386542271955264,0.111395,0.0783076
4600,-0.39919813073257127,0.0573273,0.125816
4700,-1.1076513809496717,0.852237,0.165018
4800,-1.2858100875335376,1.1362,0.257537
4900,-0.58528511597313959,0.125295,0.0678797
5000,-1.7650458846883712,2.26888,0.203272
5100,-0.17902308738668768,0.0546373,0.116166
5200,-2.098328676521926,3.41184,0.074907
5300,-2.0224799189938043,3.25239,0.12316
5400,-1.8978766659096871,3.00073,0.0673024
5500,-1.1351392955526771,0.857965,0.0501471
5600,-0.47426513784760632,0.0819527,0.178105
5700,-0.051712429119352504,0.0468846,0.154991
5800,-1.6972019617589067,2.18295,0.0347967
5900,-1.8198602238410748,2.26823,0.121792
6000,-1.5229157021426061,1.41908,0.111364
6100,-0.74199579952216121,0.174419,0.111564
6200,-0.18822123648277819,0.0436188,0.208203
6300,-1.2628953753052379,1.11316,0.0366404
6400,-0.44734639485444555,0.0735605,0.0774127
6500,-0.93437436170301735,0.576005,0.198102
6600,-1.4090114176427095,1.45828,0.0706023
6700,-1.3527828092475516,1.28527,0.158324
6800,-1.580027534641435,1.78996,0.339307
6900,-0.69181491057405953,0.224033,0.10994
7000,-1.4094399360937309,1.4484,0.292863
7100,-1.7328433580412039,2.16174,0.096294
7200,-1.7484182875640844,2.15101,0.0734903
7300,-2.476045625946774,4.83865,0.166439
7400,-0.76942565823509534,0.282594,0.116951
7500,-1.5212791735804794,1.60403,0.140157
7600,-1.0541658080836354,0.679063,0.242413
7700,-1.5258673130130354,1.64273,0.0195473
7800,-0.41924500283982075,0.050876,0.0869952
7900,-1.6487897329027634,1.86352,0.155916
8000,-0.53732190168008953,0.112246,0.187068
8100,-2.8707321243899888,7.0477,0.155955
8200,-0.88570049460048172,0.442124,0.140686
8300,-1.821703339895647,2.46402,0.0771829
8400,-1.2167896040331956,0.991715,0.175317
8500,-0.14142407236759671,0.0350256,0.245758
8600,-1.4002482700339542,1.43868,0.0460795
8700,-0.48455892401383649,0.0932105,0.0768168
8800,-0.7960602616517467,0.401833,0.0247581
8900,-2.6679591537141225,6.16006,0.0601542
9000,-0.15912962750138582,0.030862,0.12791
9100,-1.6036248668370563,1.88794,0.0765075
9200,-1.2030386753648392,0.968854,0.0860337
9300,-0.94703729291114203,0.508192,0.0999096
9400,-0.050187096008512622,0.0324845,0.207762
9500,-0.51050195785493568,0.107573,0.0373781
9600,-1.7633377593674755,2.42136,0.0656214
9700,-2.0261628508189511,3.2331,0.0211781
9800,-0.47587945903212625,0.119749,0.0961021
9900,-2.7520239107531537,6.37965,0.0412638
10000,-0.28565270614920385,0.0052191,0.128492
10100,-0.66130094335277989,0.226165,0.120779
10200,-3.3098647769079474,9.42059,0.108573
10300,-1.3347185078072688,1.21628,0.00442986
10400,-1.7292655261445151,2.27617,0.126854
10500,-0.23004974237403927,0.00429544,0.141542
10600,-0.62592469846246024,0.183821,0.0584433
10700,-1.2783965843412504,1.1539,0.204863
10800,-0.99070259720992881,0.615236,0.043063
10900,-1.6676193226191143,2.06632,0.169762
11000,-3.0563300947569449,8.09999,0.118609
11100,-1.8451946256338476,2.69759,0.112665
11200,-0.057750938014418191,0.0504136,0.127135
11300,-1.3544268728433402,1.25967,0.155493
11400,-1.1856516745428534,0.913918,0.271355
11500,-1.1731142681444466,0.940287,0.0577986
11600,-0.32011474465918377,0.120999,0.205371
11700,-3.5349741627924294,11.0361,0.125505
11800,-0.94086398808480798,0.480028,0.104439
11900,-1.2216861880062349,0.936383,0.0923435
12000,-1.2564347879815523,1.05215,0.142312
12100,-1.4065528367241535,1.40524,0.118936
12200,-0.9787083665486831,0.564368,0.00717173
12300,-0.8402929035069624,0.377016,0.110078
12400,-1.784323647704694,2.37314,0.135831
12500,-0.1198651528059861,0.0264468,0.194
12600,-0.82849142512616114,0.352502,0.057405
12700,-0.58756743036752934,0.138642,0.192853
12800,-1.3109239922104561,1.19539,0.066272
12900,-2.6053850522962283,5.57199,0.126044
13000,-1.8197026911550183,2.51001,0.0710249
13100,-0.38333444856911636,0.0557166,0.158926
13200,-2.2174192853351973,3.86159,0.105252
13300,-3.3741231382844283,9.68892,0.120997
13400,-2.6630146490598872,5.85723,0.113464
13500,-0.43968779397326235,0.0412797,0.0344641
13600,-1.2307655139561475,0.984866,0.0181883
13700,-0.91062333610650281,0.444548,0.104959
13800,-0.89236510196379915,0.423774,0.0684933
13900,-0.16784087911428713,0.0089753,0.0978235
14000,-0.037182928624751699,0.063525,0.162408
14100,-1.0475199753068156,0.636587,0.189818
14200,-1.8921929684303493,2.67007,0.111797
14300,-1.7808679871971065,2.32682,0.13674
14400,-2.2709639692685331,4.0179,0.0359463
14500,-2.0950627471793739,3.37927,0.0981801
14600,-1.2800226696784249,0.990948,0.250249
14700,-0.24143012527744662,0.00836272,0.114752
14800,-1.0534095290717351,0.635324,0.0640903
14900,-2.0733180247432106,3.28862,0.129499
15000,-1.8447554680561797,2.47366,0.108712
15100,-1.9527090774174303,2.82122,0.0460649
15200,-1.3269419305690635,1.10158,0.0289933
15300,-2.2343846127221085,3.86653,0.0645572
15400,-3.7595477833374749,12.2363,0.249521
15500,-1.6236923630136186,1.83212,0.239493
15600,-0.83568390310194174,0.335826,0.238593
15700,-2.600569264348203,5.38895,0.130265
15800,-1.7918766010833336,2.28038,0.0168844
15900,-0.47500452090529166,0.0462928,0.149012
16000,-1.2030487479934699,0.87175,0.216616
16100,-1.3270701069803308,1.11056,0.219851
16200,-1.3008391244734903,1.02893,0.0671193
16300,-2.3303865257909107,4.12201,0.0913885
16400,-2.503406643043939,4.93587,0.102509
16500,-0.39410348922709632,0.0137193,0.105583
16600,-0.084969801733522615,0.0545234,0.165063
16700,-0.7706646007508211,0.228946,0.120813
16800,-0.60312922614954023,0.119444,0.187223
16900,-1.8372245470264577,2.40686,0.256253
17000,-0.068099191624906533,0.0715777,0.101578
17100,-0.39023446660395272,0.0246461,0.0710473
17200,-1.6264304639142444,1.75787,0.116329
17300,-0.30057404435209545,0.0125051,0.0913368
17400,-1.3549495281534356,1.11594,0.0100969
17500,-1.1277720111440248,0.703689,0.00521102
17600,-0.26968939103494605,0.00121647,0.0559899
17700,-0.39115228715553657,0.0117585,0.139665
17800,-0.029528108803007096,0.0783501,0.133712
17900,-0.44819252404579624,0.017476,0.0961057
18000,-0.50116981041211739,0.0458587,0.151919
18100,-0.84028371849056294,0.310562,0.0524418
18200,-1.5010359389895569,1.44308,0.15441
18300,-0.20476758667418168,0.114743,0.150211
18400,-3.2140934597490696,8.50549,0.1904
18500,-0.61915530417227227,0.118677,0.0685071
18600,-1.8245067185199761,2.30928,0.0865758
18700,-1.9828287987054656,2.80775,0.0604429
18800,-1.4842890621953193,1.3621,0.134631
18900,-1.208415589724712,0.817434,0.0867722
19000,-1.6750064914966536,1.84818,0.0724691
19100,-2.2586862334843327,3.77657,0.124207
19200,-1.6621766735919099,1.81411,0.142124
19300,-3.1754145452958231,8.18907,0.157796
19400,-1.135655478510079,0.662373,0.020501
19500,-0.91142687897263552,0.37342,0.0112563
19600,-2.3568538053454371,4.13903,0.036137
19700,-1.3942806383551933,1.15421,0.187474
19800,-0.61371523774516279,0.0844513,0.138763
19900,-0.55867586895705068,0.0577458,0.119822
20000,-0.90191152336312808,0.338838,0.0265801
20100,-1.5169823994773983,1.40515,0.0881917
20200,-0.83635730044795831,0.256648,0.106458
20300,-0.92429249460081964,0.369365,0.0812325
20400,-2.1531401071990217,3.30879,0.136992
20500,-1.6159952366575454,1.64295,0.0330281
20600,-1.7988843325522328,2.14623,0.079139
20700,-0.75118164616850946,0.16391,0.18015
20800,-0.10366325683645422,0.0987623,0.073905
20900,-1.4081690800204225,1.10416,0.0338188
21000,-0.71505401202114205,0.139887,0.16309
21100,-0.39845065376526556,0.0132986,0.0858008
21200,-1.3843756881044615,1.08439,0.151025
21300,-1.8375270448465881,2.19769,0.0439453
21400,-0.87970924021654739,0.286422,0.0529475
21500,-1.2339293892316099,0.781484,0.0270412
21600,-1.7662536646673146,1.99054,0.146875
21700,-1.0489548628874112,0.479596,0.0435798
21800,-1.3819964279914378,1.05049,0.0834278
21900,-1.7070406503687048,1.8176,0.106558
22000,-1.4684972319756466,1.21548,0.112194
22100,-1.769677913635177,1.98532,0.16642
22200,-0.69052614503864485,0.135695,0.0292085
22300,-2.4012628743279025,4.20645,0.0887993
22400,-0.019621465203517964,0.166027,0.111313
22500,-0.26322217587719615,0.0749447,0.157611
22600,-1.6708465515832853,1.64495,0.0391235
22700,-1.2630067439682529,0.800309,0.0804163
22800,-0.83953832343576607,0.221768,0.0195597
22900,-0.36523005666644492,0.0170638,0.138894
23000,-1.6467564083844806,1.6138,0.039668
23100,-0.94390711221235446,0.33152,0.0244519
23200,-1.746956529284742,1.88769,0.0236552
23300,-2.3350649358426825,3.84093,0.105826
23400,-1.1335034813423295,0.569035,0.0955594
23500,-0.79759984446434951,0.180963,0.0733256
23600,-1.4587323569216122,1.166,0.159162
23700,-2.08550360460386,2.86245,0.0514833
23800,-1.7656323847777884,1.90615,0.204672
23900,-2.1024756157594338,2.94986,0.0393012
24000,-0.5237809589073652,0.0695087,0.0614637
24100,-2.7720580173177543,5.71168,0.147674
24200,-0.70160265436298186,0.101231,0.0141822
24300,-1.5155067064367489,1.25869,0.15543
24400,-0.69355762839554014,0.0861044,0.00842004
24500,-0.48476315457508262,0.00856376,0.069695
24600,-0.66243657725283933,0.0859141,0.114858
24700,-1.8006735196408732,1.99133,0.0978332
24800,-0.088972201428085859,0.146657,0.0561693
24900,-1.0406078947917252,0.36017,0.0676023
25000,-0.8721349278485242,0.228727,0.103519
25100,-0.085209910769233871,0.13884,0.0722638
25200,-0.48585420315169692,0.00893709,0.0132073
25300,-0.93686645788413048,0.283037,0.0178196
25400,-1.1153460752658966,0.511984,0.0904536
25500,-1.621101349524815,1.45822,0.0357053
25600,-1.5103013829972332,1.22531,0.0379026
25700,-0.22956437680944133,0.0424211,0.0428705
25800,-0.24718252827060483,0.094956,0.0263154
25900,-2.0038249061665088,2.42077,0.0387287
26000,-1.5856887339486589,1.36135,0.0175317
26100,-0.58325493922279148,0.0246341,0.146682
26200,-0.46944511605771261,0.00851311,0.0717282
26300,-1.2074156369342761,0.657792,0.0464227
26400,-2.9647434682175406,6.5374,0.103096
26500,-0.74044083503604208,0.103436,0.0230474
26600,-0.67872067996837215,0.0800385,0.0236839
26700,-1.7466054521342971,1.7463,0.110539
26800,-0.8641924336594089,0.195925,0.0262421
26900,-1.2545005572916146,0.693894,0.0306083
27000,-0.63816779124103296,0.0474236,0.0160967
27100,-1.0693540309453424,0.418226,0.0333713
27200,-0.54553885002353941,0.0148723,0.0304431
27300,-0.38183859765774886,0.00294361,0.0916025
27400,-0.2283905273155474,0.062586,0.0614216
27500,-0.46184694209272864,0.0125005,0.105829
27600,-0.57547924435467857,0.0157369,0.0423962
27700,-0.32966442726947115,0.0781541,0.0736209
27800,-2.7183443098292974,5.26273,0.0686603
27900,-0.11821094212760212,0.206451,0.0427685
28000,-2.0912607201973286,2.65828,0.054735
28100,-0.53028928476575965,0.0108337,0.0807704
28200,-1.0413399772101868,0.376378,0.0580012
28300,-1.999496938392302,2.44168,0.0320089
28400,-1.3526401054354451,0.832628,0.0121195
28500,-1.2370900066397965,0.629157,0.00772546
28600,-1.5798088871104292,1.2785,0.0136758
28700,-0.94337483583078618,0.256102,0.0453577
28800,-1.8598861795843957,1.99677,0.0693434
28900,-1.4089720232015477,0.922591,0.0445331
29000,-0.93097685349690484,0.239187,0.00760804
29100,-1.8285263385849293,1.91646,0.132164
29200,-0.33756781813818831,0.0228585,0.0565559
29300,-0.94342068442558646,0.259672,0.0419231
29400,-2.4402511833033582,3.94993,0.134122
29500,-0.48664670688654144,0.00174562,0.0113028
29600,-0.81822272822520004,0.129192,0.00793671
29700,-0.75484829457774549,0.0895912,0.017269
29800,-1.1346878232746878,0.464993,0.00664711
29900,-0.15599299335795316,0.13092,0.0753941
30000,-0.10924934643246077,0.332905,0.0371485
30100,-1.1051379607448049,0.278505,0.00692159
30200,-1.498079668646551,1.06393,0.0925121
30300,-1.5195203891486782,1.10611,0.167717
30400,-0.89633217519576025,0.187784,0.0705878
30500,-0.42856150988882957,0.0294716,0.0590379
30600,-2.1153140142709712,2.68853,0.0900815
30700,-1.842453152198791,1.87028,0.0324249
30800,-0.23672996005319782,0.0890594,0.128462
30900,-0.55773784685440442,0.0584593,0.0257158
31000,-2.6684107711664908,4.78481,0.077313
31100,-0.87566391711865454,0.16213,0.00582557
31200,-1.0008591080791964,0.278764,0.0397446
31300,-1.541791973189081,1.12583,0.0239655
31400,-1.30417603901287,0.685813,0.0410478
31500,-2.1047534283228613,2.63184,0.163206
31600,-1.2632799206665852,0.606798,0.0440722
31700,-0.3825550389427182,0.0418144,0.0818756
31800,-1.9049861675882207,1.99224,0.0405509
31900,-1.0263270533139852,0.297488,0.0355943
32000,-0.12721625497318295,0.21729,0.110827
32100,-1.7861654236647306,1.65145,0.0290079
32200,-0.5679437606152643,0.00617811,0.0314229
32300,-0.15910173292949747,0.209405,0.0336892
32400,-2.5665382087787778,4.22119,0.0624143
32500,-1.0650099928047823,0.324048,0.0569831
32600,-1.0623801552038894,0.323158,0.0760373
32700,-1.2294853060540911,0.54221,0.0259442
32800,-0.30375406219955592,0.126743,0.13306
32900,-3.1544398067403718,6.8623,0.0876767
33000,-3.044776787320115,6.47469,0.118718
33100,-1.838876142797943,1.77031,0.0804305
33200,-1.6585181919389635,1.32468,0.0196458
33300,-1.5402248581262603,1.06726,0.0526573
33400,-2.1744557621073124,2.76336,0.0830477
33500,-2.6396561716692917,4.51112,0.101688
33600,-2.5273444271286176,4.08351,0.0538282
33700,-0.51470823864027193,0.0424336,0.0591721
33800,-2.543313190154878,4.13393,0.0685179
33900,-0.71314307543951216,0.0524178,0.0544841
34000,-1.9023160198795162,1.92214,0.0254363
34100,-0.67476636704217074,0.0245044,0.0443676
34200,-0.92802628539768861,0.166459,0.0399827
34300,-0.7977099681882589,0.0821488,0.0378228
34400,-0.045016359783721566,0.31297,0.0631633
34500,-0.44565883881477641,0.075668,0.0625491
34600,-1.0829735665847342,0.282945,0.0366258
34700,-0.098007303586944872,0.26716,0.0568721
34800,-1.3870954045338706,0.584178,0.0335334
34900,-0.87832834433890516,0.130394,0.0687317
35000,-0.15826730687843596,0.187743,0.0579638
35100,-0.58376673557077274,0.0145979,0.119262
35200,-0.58254860933911468,0.0219083,0.0235535
35300,-1.8592033036028333,1.77073,0.0281669
35400,-2.4778221517236467,3.83235,0.0498907
35500,-0.36462523237064337,0.160772,0.0255267
35600,-3.5768795315677839,9.31142,0.154747
35700,-0.1549084462217625,0.205267,0.0395826
35800,-0.13807530588817366,0.402314,0.0792108
35900,-1.0288835222541155,0.152626,0.0834191
36000,-1.1623290937962627,0.393484,0.075377
36100,-0.79685152886280886,0.071341,0.0333937
36200,-0.61916730197762193,0.00990989,0.121241
36300,-0.20178903415123464,0.149707,0.0865435
36400,-0.94133174983364432,0.144683,0.0602857
36500,-0.39978563909111969,0.0428967,0.0117346
36600,-1.5382844831651457,0.992016,0.0261028
36700,-0.79127292028357932,0.067698,0.0033638
36800,-0.32517758878729613,0.114019,0.023251
36900,-2.4971343637809205,3.70385,0.105516
37000,-0.53285362904688849,0.00499932,0.0556522
37100,-1.1058711018484086,0.319542,0.005688
37200,-1.2079915808888004,0.442507,0.0629881
37300,-1.2193561416926801,0.462977,0.0835649
37400,-1.8824158598384515,1.80992,0.0494769
37500,-0.3665434170763861,0.0544177,0.0418815
37600,-1.0409518686888366,0.217161,0.07417
37700,-1.0847016823392652,0.306709,0.0826473
37800,-2.387775694316367,3.3503,0.0791969
37900,-1.9841847143870586,2.02497,0.0832394
38000,-1.7988861614021465,1.53672,0.0326925
38100,-1.7748509958201739,1.4854,0.0561937
38200,-0.70861585693243068,0.0227486,0.0864754
38300,-1.0639307178311024,0.25708,0.0256551
38400,-0.4683444595164265,0.026716,0.0749273
38500,-1.6284687363377399,1.13287,0.0733865
38600,-0.44756155141487125,0.0282238,0.0079827
38700,-1.2901690724738546,0.521257,0.0241853
38800,-2.2261121613709292,2.74517,0.0430049
38900,-1.8893792220173855,1.73771,0.0378963
39000,-1.8672073043296573,1.69455,0.0502395
39100,-0.31993077869969072,0.098669,0.0733333
39200,-0.55204940189514029,0.0217678,0.108222
39300,-0.67234847209687543,0.0091931,0.0207442
39400,-0.82151909882659391,0.0599949,0.0625558
39500,-1.2780079056623865,0.496803,0.0197553
39600,-1.8117007322474816,1.53549,0.0873898
39700,-0.49339927692839408,0.0216663,0.114553
39800,-1.3290376005279367,0.547399,0.0667028
39900,-0.97362841421983193,0.15567,0.107015
40000,-0.75564460903440822,0.034205,0.0132423
40100,-0.20394614292262919,0.211461,0.0564736
40200,-0.92400254697649076,0.102773,0.0659032
40300,-1.2429430123896814,0.438788,0.0148095
40400,-1.6047662841798995,1.03914,0.0863179
40500,-0.99755629911697397,0.171078,0.0113337
40600,-1.5118417311041543,0.861663,0.061937
40700,-0.50346218964001099,0.0131298,0.0112542
40800,-0.1725588864564235,0.271927,0.0751589
40900,-1.3096964644854596,0.402582,0.0318729
41000,-1.4703268911284473,0.777512,0.056239
41100,-0.72783579490237482,0.0222158,0.0664802
41200,-0.14339334284604441,0.319773,0.0668034
41300,-1.1760970475645738,0.294569,0.0264768
41400,-2.5664350093102444,3.92943,0.0733645
41500,-0.51976423390797577,0.0128036,0.0739497
41600,-0.095762429782014352,0.429811,0.0938127
41700,-1.9342284074731504,1.53161,0.0570118
41800,-2.1138691642801031,2.26036,0.0937066
41900,-0.707219195029818,0.0343704,0.0418809
42000,-2.2337467394631263,2.64605,0.030409
42100,-1.5237673139079393,0.861241,0.0682942
42200,-0.1552704335434088,0.292097,0.102638
42300,-0.86354550553780485,0.0486746,0.0224413
42400,-1.451190230334152,0.678517,0.0568239
42500,-1.2887813199628499,0.476417,0.0106436
42600,-0.22426193892595456,0.241704,0.0257291
42700,-0.15303204594761441,0.605232,0.0588845
42800,-1.9949796858288031,1.49584,0.0787166
42900,-1.3877206674541243,0.600956,0.0712969
43000,-0.044537961192556798,0.427504,0.0588812
43100,-0.65483810374959905,0.0954906,0.0689164
43200,-1.8736536483954682,1.42762,0.0350033
43300,-0.30243325329184673,0.141652,0.0306002
43400,-0.7333601632394644,0.0265792,0.0162805
43500,-0.95556773945263218,0.105906,0.0375602
43600,-1.0129548410380012,0.163134,0.0930457
43700,-0.54740056960886618,0.00720046,0.0567718
43800,-0.82287485442959796,0.0589478,0.102432
43900,-2.0329890880510408,2.00678,0.0465348
44000,-2.1171070205101143,2.24685,0.0745488
44100,-2.0431703824313461,2.03235,0.0325815
44200,-0.66244775393753641,0.0372779,0.0199897
44300,-2.5186429588500943,3.62987,0.059107
44400,-0.94296270962009487,0.101848,0.0133928
44500,-0.70139359146282754,0.00675164,0.0271994
44600,-0.91509822756610759,0.0890795,0.120182
44700,-0.25749741439813867,0.187459,0.0250922
44800,-0.74051299993816888,0.0239067,0.0091332
44900,-0.41929704598743223,0.1445,0.00380137
45000,-1.6894740823426249,1.03196,0.0414929
45100,-1.8316278702690016,1.45568,0.0301872
45200,-1.0809911619569084,0.204403,0.0132504
45300,-1.1838470757995636,0.315398,0.0364515
45400,-0.2908457709118128,0.177473,0.107798
45500,-0.72083292577645208,0.0324862,0.0364388
45600,-1.4372254571503462,0.625218,0.0397694
45700,-1.6401171505636198,1.01464,0.0180346
45800,-1.6491912739669561,1.02057,0.0121442
45900,-1.8556029520650037,1.47999,0.067203
46000,-1.3578761023878791,0.509725,0.0262512
46100,-2.605186440928656,3.84953,0.033276
46200,-1.546933971365013,0.821102,0.0340909
46300,-2.5358507126855567,3.56808,0.0690443
46400,-1.8356972618493399,1.40127,0.0193682
46500,-1.3515676881958196,0.491451,0.0727725
46600,-0.88737030890824686,0.0569302,0.0126958
46700,-1.2685512099597409,0.382536,0.0355328
46800,-0.57236705330355386,0.0106235,0.0521524
46900,-0.88221573150482646,0.0499933,0.102972
47000,-0.89156272174600193,0.0570236,0.0112913
47100,-1.095439402830658,0.208062,0.0758502
47200,-2.2666472300541858,2.62221,0.0815893
47300,-0.24670785903548281,0.229173,0.0635826
47400,-0.56496613448835209,0.125974,0.0954443
47500,-0.048022050725214843,1.0534,0.0585529
47600,-2.6112846271831045,3.28457,0.0562464
47700,-0.57074488795019918,0.0313042,0.02477
47800,-1.2495260285522358,0.32445,0.0151882
47900,-0.41811157353226819,0.107487,0.092571
48000,-1.6677449027081352,0.982138,0.0578083
48100,-1.7383556228149422,1.15276,0.117316
48200,-1.0675178607199949,0.168245,0.0152923
48300,-1.852253848182418,1.40905,0.073814
48400,-2.3281452088968497,2.76099,0.0699114
48500,-1.2997948031350917,0.395874,0.0794858
48600,-1.5304204857386139,0.753583,0.0287986
48700,-0.028574221497189606,0.633657,0.0660797
48800,-2.0765753913720331,1.76175,0.0718869
48900,-1.9586594943130669,1.62789,0.0478169
49000,-1.6444390975275434,0.936855,0.104448
49100,-2.3090510067525756,2.65939,0.0735846
49200,-2.85280423967078,4.74641,0.108328
49300,-1.0551488688653565,0.138154,0.0342299
49400,-0.86231112603487658,0.0321465,0.0690683
49500,-0.96078323533100618,0.0844712,0.0563482
49600,-0.045142198185855055,0.542455,0.0281113
49700,-0.089878638051970189,0.905232,0.043211
49800,-1.6159246365240767,0.629887,0.0453566
49900,-0.52914034241329055,0.112007,0.00318887
50000,-2.6669890873107032,3.86735,0.0467987
50100,-1.5035392645173502,0.670652,0.0473833
50200,-1.1057061091825282,0.182103,0.0559802
50300,-1.9914931405389593,1.6949,0.0780354
50400,-2.0155090888130829,1.75449,0.0121161
50500,-1.5595261349167684,0.748356,0.0331923
50600,-1.8952713866511695,1.46777,0.0302627
50700,-0.20517195041389208,0.328141,0.111196
50800,-2.3825739248312043,2.60652,0.104248
50900,-1.6475981554853889,0.902748,0.0637323
51000,-0.99560313687401047,0.0872947,0.0441873
51100,-1.1728549120839515,0.222726,0.0477957
51200,-0.88283937874372365,0.0399656,0.0116124
51300,-0.047680384049215103,0.530837,0.0323687
51400,-0.2247526566286763,0.500715,0.0129785
51500,-0.6815526864316952,0.273188,0.0215941
51600,-1.0385426634569268,0.100645,0.00717208
51700,-1.3685565581989909,0.383692,0.0190581
51800,-0.36695463890248425,0.233978,0.0579477
51900,-2.7563339645524718,4.15941,0.0639927
52000,-0.2027893952986467,0.365675,0.0522656
52100,-0.88551940578212229,0.0695063,0.00563468
52200,-1.5148189766243716,0.625354,0.0360778
52300,-0.040558700750150826,0.652156,0.0356716
52400,-1.2746536745246599,0.232766,0.058855
52500,-1.5816057262760581,0.756743,0.0482476
52600,-1.2302814336471777,0.286945,0.0631788
52700,-2.2423621312060602,2.35567,0.0418036
52800,-2.08341430031117,1.88706,0.0595722
52900,-1.3445920787990415,0.401927,0.0188604
53000,-1.1357702915830736,0.195966,0.0727678
53100,-2.4244202529345413,2.91917,0.0564518
53200,-1.593281994475086,0.768321,0.0328451
53300,-1.8178582058842592,1.20321,0.0495406
53400,-1.155225729873856,0.192756,0.0221862
53500,-0.48408529049761667,0.07556,0.0201624
53600,-0.049982734845301469,0.753653,0.0556268
53700,-1.7398032254021816,0.810287,0.0551141
53800,-1.2637234519401668,0.292876,0.0104933
53900,-1.0391351762876722,0.102368,0.0265812
54000,-0.64861019691404775,0.00806568,0.108251
54100,-0.5880886337214446,0.0568433,0.0180516
54200,-1.7161570996025677,0.939391,0.0453418
54300,-2.0356230887574114,1.74901,0.0577315
54400,-0.15113930668273942,0.456191,0.0283691
54500,-0.11254020145813368,0.904087,0.0151971
54600,-0.47269064252731235,0.684829,0.104758
54700,-1.9402759402508289,1.02159,0.0239212
54800,-3.1807942192833951,5.9656,0.0860071
54900,-0.069875308361556476,0.574011,0.0694371
55000,-1.8035462789885037,1.08562,0.0604592
55100,-0.8416845372868218,0.0128266,0.00984811
55200,-0.80772462904916353,0.0108467,0.0568622
55300,-1.4879682062648782,0.590756,0.0113042
55400,-2.7152252629262352,3.91839,0.0463581
55500,-2.0997845767368677,1.89053,0.0185604
55600,-0.16404779539005079,0.446747,0.0609996
55700,-0.9913728971742356,0.0493903,0.031235
55800,-0.49681642046502211,0.146082,0.018943
55900,-0.63349388489336533,0.0932267,0.0438019
56000,-0.36500752400533371,0.352599,0.00700194
56100,-1.0959248360919811,0.110881,0.0337642
56200,-0.57540275274431496,0.154858,0.00288226
56300,-1.9799940198236681,1.46756,0.00996558
56400,-2.0229607448056033,1.65873,0.0309477
56500,-1.0721083137591152,0.116656,0.024982
56600,-0.31158166189872366,0.257423,0.0731706
56700,-0.75100547042281574,0.0682196,0.0537955
56800,-1.2057361280101946,0.188763,0.0290046
56900,-2.0198297984340319,1.64508,0.0230036
57000,-1.3864381712796279,0.422567,0.0186058
57100,-0.64366929638835058,0.0161873,0.0183421
57200,-0.98824219545201597,0.0575721,0.0235742
57300,-1.0116557559723984,0.0761295,0.0573085
57400,-0.47011381538959179,0.12014,0.00853315
57500,-1.6826525165723449,0.823267,0.0863015
57600,-2.178829372641927,2.05449,0.0585278
57700,-1.3321435757626288,0.340623,0.00899591
57800,-1.203037263169811,0.244055,0.0487241
57900,-3.1166076761750285,5.65327,0.0771382
58000,-0.4188844977267599,0.18333,0.0227662
58100,-1.2606223502007381,0.238319,0.0348396
58200,-0.92633534869016754,0.0300085,0.00832436
58300,-0.89332132501917827,0.0222198,0.00504673
58400,-1.3907339940421277,0.405234,0.0129398
58500,-1.0616366594870632,0.093084,0.048585
58600,-1.13455634407469,0.142098,0.0147684
58700,-0.73609333825556367,0.00141424,0.120438
58800,-0.89131822443247222,0.0215093,0.0311567
58900,-0.24790131453855296,0.401984,0.00679128
59000,-0.18737753656130884,1.17549,0.0222978
59100,-2.2251490680005341,1.62063,0.0732584
59200,-1.7584789373913212,0.961326,0.0219605
59300,-2.2780380531732716,2.30751,0.0699815
59400,-1.2918703385533561,0.281541,0.0347871
59500,-1.6636493854091696,0.803635,0.064937
59600,-1.5652859151107694,0.644906,0.0778492
59700,-0.47215015552122852,0.128924,0.0522744
59800,-1.5126976088982533,0.562847,0.0260519
59900,-2.9409668960927768,4.75907,0.0771501
60000,-0.55969582373487337,0.0802652,0.0511959
60100,-1.7809733257751423,1.00977,0.0543842
60200,-0.48984732627402833,0.189114,0.00606381
60300,-3.2050387995369891,5.81987,0.0721713
60400,-2.8256121748348,4.20078,0.0605579
60500,-2.0381104680941546,1.57973,0.0254712
60600,-1.92148388503089,1.31051,0.0338233
60700,-0.71331195941109204,0.0077999,0.00568112
60800,-0.6616418432930028,0.104132,0.0183703
60900,-3.465552418170351,7.18932,0.129894
61000,-0.3944974587754943,0.217384,0.051338
61100,-1.2062058398552769,0.148078,0.0511915
61200,-0.85073342923093531,0.0300468,0.049704
61300,-2.4435485868040083,2.74436,0.0473189
61400,-1.6500451226506081,0.741526,0.120036
61500,-1.9820050944643453,1.4238,0.0495979
61600,-1.0662480097976463,0.0874435,0.0620536
61700,-2.1856276171397555,1.94012,0.0825523
61800,-0.966065382510094,0.0303597,0.0289716
61900,-1.3327333716964624,0.290532,0.06231
62000,-0.72945454020056255,0.0178042,0.00708317
62100,-1.7460934939822044,0.879048,0.0582013
62200,-2.237796335363166,2.11176,0.0640345
62300,-0.066995311628156098,0.710773,0.0344423
62400,-0.9018042400254217,0.0858849,0.0142094
62500,-0.71088900897157847,0.139574,0.0213946
62600,-2.3278995382550987,2.16305,0.0942393
62700,-1.4403120194651922,0.420938,0.0199759
62800,-2.6514121823509047,3.41664,0.0423243
62900,-1.5886048503662753,0.608235,0.00897409
63000,-1.7219679350342694,0.853587,0.0248887
63100,-0.2878136386997357,0.405265,0.00828698
63200,-2.0855045616257728,1.52706,0.0299404
63300,-0.21096036567086351,0.565335,0.0814373
63400,-1.1102432469183627,0.0771014,0.0566944
63500,-0.26869682328456918,0.52732,0.0325938
63600,-0.54369531348195888,0.391615,0.0840198
63700,-2.1954658769494255,1.5151,0.00223105
63800,-1.9259751694194593,1.25365,0.0605501
63900,-0.73033336109518587,0.0150851,0.0378667
64000,-1.580792493118889,0.603878,0.0118257
64100,-2.9560294318907023,4.61145,0.0574089
64200,-1.0893980593072279,0.0762541,0.0365838
64300,-1.5552572797737929,0.542041,0.0289798
64400,-1.5220455967811162,0.504373,0.0697125
64500,-0.4091011117018799,0.226408,0.115173
64600,-0.47627267794835942,0.307381,0.029926
64700,-0.78810254010242842,0.130678,0.0472199
64800,-0.47124350500941448,0.462715,0.0117121
64900,-1.8595832385707496,0.825643,0.0274976
65000,-1.8857243629394285,1.10859,0.0127128
65100,-2.1467651247827226,1.74915,0.0267717
65200,-1.8463757392887927,1.05405,0.0519765
65300,-0.31004854137678078,0.411631,0.0151159
65400,-2.0623107671888539,1.36177,0.0316936
65500,-1.8791174752033033,1.09668,0.00783289
65600,-1.0703923844427634,0.0603942,0.00789338
65700,-0.60453580960524822,0.0872155,0.0214189
65800,-1.6494161869663266,0.656952,0.0037846
65900,-0.87352696957683862,0.00275546,0.0630578
66000,-0.55367742300632994,0.141786,0.0124406
66100,-2.3287390850723693,2.19165,0.0605185
66200,-2.1274612296675302,1.67678,0.0468641
66300,-1.2932227633476765,0.219014,0.0671198
66400,-0.29952693299900462,0.384837,0.00982485
66500,-0.92964543950610146,0.0789774,0.0165285
66600,-1.22858813518593,0.115298,0.0198497
66700,-0.90797360955324724,0.00600504,0.0305366
66800,-0.61665794140441554,0.0747249,0.0103329
66900,-1.0171073270127271,0.0684839,0.0556006
67000,-3.0492876173515264,4.88497,0.0488461
67100,-2.9638655204534126,4.50767,0.0428149
67200,-1.696790311355338,0.733797,0.0379838
67300,-2.3840846679973922,2.39453,0.0850474
67400,-0.54084036154132964,0.119883,0.0978568
67500,-0.55911213159913564,0.215416,0.0267581
67600,-1.5779935669422156,0.456538,0.0140883
67700,-1.6333599168985875,0.634319,0.00845584
67800,-2.9434569717880636,4.42309,0.0531318
67900,-0.42166204300637178,0.295916,0.0976926
68000,-2.049576773313937,1.28337,0.0179596
68100,-1.5055976267535898,0.432095,0.0311055
68200,-0.68930188964006234,0.0751843,0.00518403
68300,-2.6321484528275243,3.14682,0.0554343
68400,-1.2230741271371355,0.145249,0.0231985
68500,-2.2990549009328465,2.07253,0.0313682
68600,-1.6100404670963764,0.569592,0.043666
68700,-0.71842954577359952,0.0281061,0.0124481
68800,-0.31469885991137653,0.459296,0.00859597
68900,-1.488049458763677,0.315255,0.0763466
69000,-1.5228583894526511,0.434526,0.021566
69100,-1.9656147694636674,1.20951,0.022376
69200,-1.1014365856894239,0.0549811,0.0114273
69300,-1.329695138945034,0.217718,0.0352468
69400,-0.80841404798992134,0.00692893,0.032889
69500,-1.2718401661986618,0.166915,0.0308839
69600,-0.53791335505497218,0.164192,0.105476
69700,-0.49303549729695739,0.355338,0.0643777
69800,-0.27277444380730187,0.954551,0.075123
69900,-1.7512307896477526,0.528043,0.0162853
70000,-0.29312279348865222,0.785686,0.0043742
70100,-1.6610670281566302,0.525396,0.0577595
70200,-0.1644389312246396,0.789227,0.0292328
70300,-0.20677087343126363,1.16837,0.0447243
70400,-2.2158464978745824,1.30366,0.0367544
70500,-0.23926904139679725,0.802254,0.0099732
70600,-0.066502389681514659,1.6749,0.0497085
70700,-1.4139613203210044,0.275804,0.00763876
70800,-1.9704054131910442,0.948881,0.0578717
70900,-1.1922048586742426,0.0969966,0.0401597
71000,-1.2415781528196157,0.142587,0.0450256
71100,-0.424816962129349,0.33527,0.048344
71200,-0.56089481516460304,0.452858,0.0184193
71300,-1.9283980932145834,0.994327,0.0194501
71400,-2.0606669125552655,1.46284,0.0360514
71500,-0.36966223599523707,0.406961,0.00596981
71600,-0.99330448979701857,0.0908109,0.0405862
71700,-1.6297622311280466,0.55653,0.0629679
71800,-2.525963539202178,2.73267,0.0444004
71900,-1.6120078326550769,0.554048,0.0208454
72000,-1.1755790594143316,0.10485,0.0451346
72100,-0.17444486158302708,0.645249,0.0949702
72200,-0.39694143480226635,0.835159,0.00434332
72300,-0.93559327762254296,0.543679,0.0193036
72400,-0.98572260391444644,0.238575,0.0187852
72500,-1.2249093681510694,0.11349,0.0264501
72600,-0.47409410401496205,0.390611,0.0370905
72700,-1.8810941409006536,0.867868,0.0451384
72800,-0.12695149528568456,0.944165,0.0283862
72900,-3.2320850820268321,4.97991,0.101054
73000,-2.2122070932310662,1.82007,0.0459241
73100,-0.17469356678313427,0.610775,0.024097
73200,-0.621651090507788,0.328807,0.020153
73300,-3.6881314277256325,7.26062,0.134468
73400,-0.82114130647847605,0.101098,0.0296568
73500,-3.7271495648691375,8.15975,0.0772083
73600,-1.4461931714358709,0.33536,0.0500424
73700,-2.1376175191732623,1.60258,0.0334234
73800,-1.6907408845543068,0.663308,0.0302922
73900,-1.5363905928508843,0.451552,0.0122353
74000,-0.2750553486284934,0.515505,0.0317605
74100,-1.6525484064378118,0.526476,0.0381088
74200,-0.62340713710472573,0.137118,0.0748501
74300,-2.2632019079447532,1.88,0.0106559
74400,-0.37486107414481273,0.387601,0.0387504
74500,-0.92777914052978228,0.0514783,0.00992013
74600,-1.3776475709751717,0.202671,0.0100064
74700,-1.2070857250280629,0.113581,0.0155334
74800,-2.0635693232588266,1.39838,0.0157688
74900,-1.6499228701805646,0.589362,0.00522233
75000,-2.1571820075344421,1.62937,0.0802649
75100,-3.4948904194889825,6.79542,0.0441774
75200,-3.6119007912042349,7.42351,0.132138
75300,-2.233461302335181,1.81492,0.0490232
75400,-0.8680691427249948,0.00218699,0.0248643
75500,-0.51340936123251235,0.225511,0.0134284
75600,-0.16887132946446165,0.978543,0.0467285
75700,-0.99798939865797953,0.12169,0.0130101
75800,-1.1745951114999122,0.0912366,0.00705449
75900,-0.31933660485784776,0.603722,0.028591
76000,-0.38340235858047927,0.770027,0.0780773
76100,-0.60610302080204992,0.822268,0.0470394
76200,-0.85841814520829263,0.476105,0.0260714
76300,-1.6868972678622611,0.440072,0.0277967
76400,-1.3162590799708509,0.142112,0.0189389
76500,-1.0065024250585397,0.0192669,0.0299138
76600,-0.21526231124923492,0.670315,0.0490762
76700,-2.161328223916795,1.54352,0.0483447
76800,-0.52505363052175891,0.183361,0.0315419
76900,-0.84359666244990228,0.0565766,0.0145114
77000,-0.98144876838949191,0.0168968,0.00405035
77100,-0.80805735486951691,0.0391341,0.0246263
77200,-1.458011986809584,0.305366,0.0159256
77300,-0.8049894518277364,0.0247453,0.0446532
77400,-1.941220442909295,1.11582,0.122205
77500,-0.56022144585265299,0.14701,0.00820874
77600,-1.2764141592062739,0.123703,0.0199948
77700,-1.5978001922946508,0.503398,0.0487382
77800,-0.83274077670487767,0.00610818,0.0372004
77900,-0.8913722793775104,0.0119552,0.0162169
78000,-1.8106225059719399,0.85723,0.0305174
78100,-0.33566557443348066,0.52657,0.0208922
78200,-1.3382623330162196,0.143519,0.0273799
78300,-1.1991227497600787,0.0880985,0.012923
78400,-1.3505933526752614,0.214354,0.0282769
78500,-0.52466944399401083,0.241443,0.0176534
78600,-2.0373377024093728,1.26656,0.031295
78700,-3.7801990337480493,8.33827,0.141561
78800,-1.6883905382129698,0.628214,0.00627083
78900,-0.70751717857777252,0.0503067,0.0476858
79000,-0.54998520416583108,0.27154,0.12121
79100,-0.14794561323764724,1.15373,0.0328296
79200,-1.4794713390791185,0.277288,0.018445
79300,-1.7427138653553151,0.561947,0.0478083
79400,-2.0477893139038446,1.32935,0.00848684
79500,-0.54529607965952342,0.160876,0.060209
79600,-0.27445548487558941,0.682533,0.0271074
79700,-1.4530728087175258,0.21624,0.0098488
79800,-1.6949582127423499,0.571487,0.0395955
79900,-0.57736966990306049,0.128109,0.0182142
80000,-0.85298708593625083,0.050912,0.00981316
80100,-1.9683831241366223,1.05225,0.0189212
80200,-2.4108590582221008,2.25568,0.0497348
80300,-2.8006765589340477,3.61779,0.0591166
80400,-0.54776138037891287,0.173702,0.0317181
80500,-0.22035537730207394,0.98625,0.0627029
80600,-0.9272406761337173,0.514812,0.0183069
80700,-0.59807983054563107,0.762193,0.0249074
80800,-1.5825538264220875,0.335743,0.00932384
80900,-0.62096851975789802,0.278259,0.0187395
81000,-2.2614989273932067,1.58277,0.0322268
81100,-0.81693383661766372,0.0349029,0.0446194
81200,-1.9151996817777492,1.01054,0.0286529
81300,-0.86500055648686358,0.0052109,0.0351118
81400,-0.58330670640261739,0.163255,0.00514623
81500,-1.479565702906223,0.25173,0.0420643
81600,-1.3009206009986101,0.155666,0.0332421
81700,-0.54712801219228135,0.191124,0.0506618
81800,-2.1208370042483558,1.43233,0.0181865
81900,-1.027204119109856,0.01459,0.0277307
82000,-1.3957373241875752,0.238358,0.0305718
82100,-0.61479179177705734,0.131235,0.00517086
82200,-0.22669413811751998,0.949251,0.026967
82300,-0.76561375516837682,0.536917,0.00518094
82400,-1.0748471011308007,0.322082,0.0294322
82500,-0.96569585224087529,0.23254,0.0358668
82600,-0.80288910629308463,0.201711,0.0483145
82700,-0.9355067436226342,0.198675,0.00972463
82800,-0.69196310175171338,0.365613,0.00904374
82900,-1.0928491378527037,0.151768,0.00894102
83000,-0.5548110989674736,0.426396,0.00937119
83100,-1.8471101465642246,0.792865,0.0243028
83200,-2.9182119645333451,4.03854,0.0970024
83300,-2.3540658327286157,2.09565,0.0415392
83400,-1.1937305343257671,0.0867802,0.0199907
83500,-0.32486388995022353,0.469498,0.0337246
83600,-2.3435880534000439,2.00558,0.0335619
83700,-2.0719370420806817,1.36063,0.0204106
83800,-0.48295088328215074,0.264353,0.0103284
83900,-0.76091906524851183,0.183691,0.0270994
84000,-1.7011426000607641,0.54325,0.0525724
84100,-0.80709746798078863,0.0207438,0.0124404
84200,-1.2475421425666138,0.10476,0.015276
84300,-1.2291436076486859,0.0984647,0.0600417
84400,-0.86537979769925133,0.00654561,0.0343284
84500,-0.40459667837584412,0.412589,0.0208702
84600,-2.0516480227715808,1.15064,0.00602664
84700,-1.4767649363341024,0.304048,0.00880256
84800,-1.8330204401216141,0.851442,0.0209568
84900,-0.33487898839900099,0.527209,0.0425749
85000,-0.38108304858574288,1.09396,0.0911606
85100,-2.6784444508568908,2.18535,0.00425546
85200,-0.42002794594638215,0.576002,0.0847164
85300,-1.4446757960388614,0.228977,0.00640466
85400,-3.3898404822800887,5.99405,0.0899239
85500,-0.39670879193062314,0.364851,0.0407783
85600,-1.4071939153697277,0.16944,0.0246129
85700,-0.58161721218750007,0.192837,0.0500512
85800,-0.74561493100561849,0.168856,0.00649574
85900,-0.60687350470369494,0.327706,0.012851
86000,-0.32339592702906922,0.964457,0.0508164
86100,-0.23234183157401958,2.11281,0.0304451
86200,-2.7889281230894221,2.58617,0.0451016
86300,-0.4987082604805238,0.766196,0.0461181
86400,-1.1212637692085836,0.196243,0.033896
86500,-1.682280269288567,0.529931,0.00389017
86600,-0.1869765439832107,0.742004,0.040806
86700,-1.5904128257015753,0.396515,0.0605061
86800,-0.81867870341840199,0.040714,0.0370182
86900,-1.6844406427735001,0.557494,0.0123262
87000,-1.8301734057216954,0.827323,0.0142785
87100,-1.0642795162159389,0.0218758,0.0209175
87200,-0.70640229880112992,0.0778593,0.0146267
87300,-1.3662680965070231,0.184612,0.0413655
87400,-1.8842270114091659,0.929116,0.0366392
87500,-1.1766746917616773,0.0697335,0.00695468
87600,-0.40176404940249655,0.326555,0.0239653
87700,-0.50073763989874198,0.3534,0.0173915
87800,-1.1438470225082049,0.061098,0.00334632
87900,-1.1794268159690215,0.0498659,0.0315887
88000,-1.0039182317704169,0.00920558,0.00802467
88100,-0.3202340815497397,0.470205,0.0127532
88200,-0.44479047850211473,0.54797,0.00644705
88300,-1.2786702777448551,0.147702,0.00324282
88400,-2.4627381858007134,2.27011,0.0528904
88500,-1.9800127338085878,1.1182,0.0363203
88600,-2.430651303253073,2.26298,0.0496314
88700,-1.7391753679210058,0.664678,0.0474391
88800,-0.82338953310398399,0.0259378,0.00384017
88900,-1.7206967025085942,0.630984,0.00621085
89000,-0.31377280686382997,0.513415,0.052464
89100,-0.48933111444551214,0.746402,0.0369783
89200,-0.41979095350188467,1.15525,0.0100961
89300,-0.84310803060067074,1.12257,0.0119928
89400,-0.030962836646298033,2.78125,0.0386719
89500,-0.19852409395554918,3.4973,0.0179953
89600,-0.1725460294221805,5.01429,0.0540342
89700,-0.79391053164299197,3.05246,0.0130709
89800,-1.5767478022788806,2.08373,0.00929172
89900,-1.3380275592756723,1.59982,0.00607665
90000,-1.6427806792163095,0.843919,0.03067
90100,-0.67522666055597669,1.1323,0.00556247
90200,-1.8040790517532863,0.650119,0.0614197
90300,-0.49718801157332748,0.616843,0.0488662
90400,-0.40637037302040646,1.10691,0.00895096
90500,-1.4094671848240474,0.320879,0.0127836
90600,-1.3938966098570011,0.188311,0.031403
90700,-1.4240247530262815,0.206684,0.0149703
90800,-0.091384057502863686,0.996199,0.0133601
90900,-0.5233866497884494,0.857416,0.0109483
91000,-0.36694906718747311,2.18375,0.00485866
91100,-1.2526411756013027,0.62041,0.0124973
91200,-1.4085904663516444,0.333774,0.0376517
91300,-0.32127804079638156,1.10005,0.0118419
91400,-0.9641249201607367,0.419732,0.00762277
91500,-0.021460875550580995,2.10448,0.0428888
91600,-0.44993057401312164,2.17484,0.0174137
91700,-2.1625275700820965,1.27138,0.0215591
91800,-3.2661422372656816,4.68609,0.063781
91900,-1.6189302716593987,0.401213,0.0317552
92000,-1.3008272173645721,0.154668,0.0198839
92100,-0.038154389765291348,0.846887,0.023931
92200,-0.13467890088236739,1.04623,0.0300265
92300,-0.63031557486158629,0.55559,0.00659355
92400,-2.153474471651645,1.28862,0.0244821
92500,-0.25827387069261898,0.638947,0.0306352
92600,-2.4799610069615419,2.31227,0.0735472
92700,-0.10835206328103579,0.805901,0.025415
92800,-1.2135829756306782,0.0895539,0.00899657
92900,-0.50089997653179164,0.381021,0.00969997
93000,-2.130069639397457,1.37073,0.0176308
93100,-1.8056045313918063,0.815136,0.00567942
93200,-0.64435754041050619,0.0842713,0.000956025
93300,-0.77250438191045689,0.0317441,0.0160681
93400,-0.72010293171288398,0.130238,0.00708722
93500,-3.3004716640592289,5.55851,0.0411561
93600,-1.6280907143709087,0.516569,0.0213434
93700,-2.0266136736169278,1.2433,0.0231707
93800,-1.6213565280737265,0.498451,0.0427923
93900,-1.4105826444595149,0.261387,0.0210131
94000,-2.6497158955261115,3.03989,0.0297012
94100,-0.70116040995247564,0.0778439,0.00477302
94200,-1.5449837649806601,0.3764,0.036609
94300,-0.9121833405807096,0.000140591,0.0105954
94400,-0.92525533562268203,0.000131343,0.0269591
94500,-0.84187129939902794,0.0094166,0.0192183
94600,-1.147932979283304,0.0568871,0.00184711
94700,-0.42616470842226711,0.379022,0.00786362
94800,-0.9769370405827732,0.203233,0.0481526
94900,-3.2233654350593626,5.00339,0.039547
95000,-1.5941158578492185,0.450148,0.0224429
95100,-1.9760912318136863,1.10785,0.0292747
95200,-2.2776989974027044,1.82153,0.0056657
95300,-1.8798224642831141,0.907977,0.00316488
95400,-2.6519649036312529,3.01475,0.0399543
95500,-0.17613895797632001,0.839576,0.023687
95600,-0.64806424389762907,0.501705,0.00547823
95700,-1.8470314650637616,0.668868,0.0662453
95800,-1.2748804452659364,0.110765,0.00824591
95900,-1.4386798190985488,0.256124,0.00661657
96000,-1.2073889967836384,0.0836199,0.00858075
96100,-0.2976541673938648,0.672637,0.0110473
96200,-2.9941170252882405,4.00585,0.0639003
96300,-1.8611975136543608,0.855638,0.0207116
96400,-1.5721479330768435,0.405554,0.0358786
96500,-2.2122766345519658,1.652,0.0532923
96600,-0.25482515880401957,0.570045,0.034261
96700,-0.5679322911458925,0.470591,0.00380951
96800,-1.4450136618124814,0.225007,0.0127109
96900,-1.7889663784150398,0.652396,0.0596524
97000,-1.8050235666223446,0.751714,0.0062806
97100,-0.92575782416984054,0.000891553,0.006886
97200,-0.90081164538614633,0.0105034,0.0139156
97300,-0.10460042569758901,1.08236,0.0552771
97400,-2.2767121106710886,1.42315,0.00837091
97500,-1.2353817243862271,0.0811127,0.0180956
97600,-0.45042487288730659,0.340781,0.00459398
97700,-1.0128297829870565,0.0455256,0.0218673
97800,-1.2752034266890744,0.118169,0.0133118
97900,-2.9630139151865196,4.10547,0.0234667
98000,-1.0521821122639297,0.0274216,0.0042727
98100,-2.3023627863555913,1.85955,0.0645086
98200,-0.55816757944949558,0.22263,0.0401616
98300,-1.1046694286652068,0.0342335,0.0260071
98400,-1.3812279819438626,0.193172,0.0290557
98500,-0.12292973448324845,0.948424,0.00576672
98600,-1.1287174697590836,0.178637,0.0108563
98700,-1.308513207330783,0.112586,0.0267796
98800,-1.1466900087154246,0.047237,0.0588032
98900,-2.3306604787292611,1.89969,0.00943542
99000,-2.3969983278130842,2.09057,0.0224826
99100,-3.3511932586948752,5.83952,0.0376495
99200,-0.25859742976896899,0.673358,0.00264828
99300,-1.7682004946688274,0.563177,0.0255859
99400,-2.15280917635677,1.46281,0.0154521
99500,-0.24555679657596607,0.67843,0.022061
99600,-1.0123377109832989,0.114271,0.0284737
99700,-2.1320141721525849,1.30492,0.0417758
99800,-1.5488585952036635,0.346239,0.00979984
99900,-1.7452412302680351,0.618514,0.013374
100000,-1.1544795312181515,0.0461105,0.0226539
