Timestep,Average Reward,C Loss,M Loss
100,-0.035224367763670675,0.241243,0.0178937
200,-0.1095233330263205,0.0227368,0.0204242
300,-0.19142518517264132,0.0429078,0.0355045
400,-0.05494539202006879,0.574588,0.00561844
500,-0.045868693173979951,0.231985,0.0302739
600,-0.058872028158997676,0.156633,0.00449042
700,-0.032776104547682067,0.05753,0.010767
800,-0.076980611482205863,0.011306,0.00666972
900,-0.049270078385955582,0.00931589,0.0239294
1000,-0.074950382852614808,0.00382539,0.0305148
1100,-0.085366746883043867,0.0306475,0.00741053
1200,-0.19182946018564384,0.021221,0.0230369
1300,-0.18460488531502775,0.0177725,0.0116965
1400,-0.048428531978702505,0.0118752,0.00761632
1500,-0.027117072964889691,0.00297016,0.0103414
1600,-0.063003207023141258,0.0118918,0.00627361
1700,-0.12235452492450846,0.0228523,0.00823766
1800,-0.052399639714227092,0.0132583,0.0228107
1900,-0.13133885259690112,0.0109065,0.00423619
2000,-0.090382131328056226,0.00887912,0.0245196
2100,-0.18261778471325216,0.026343,0.0105046
2200,-0.025579263275794517,0.00734688,0.00514089
2300,-0.013065750325035385,0.00323223,0.00878427
2400,-0.13134366205036421,0.0336411,0.00582362
2500,-0.014835122735396309,0.0138278,0.00571158
2600,-0.073123246925065097,0.00588037,0.018182
2700,-0.15587262119677445,0.0188273,0.0108369
2800,-0.036543897024331966,0.00413738,0.00329655
2900,-0.011949294644996566,0.000819613,0.00611239
3000,-0.095387335890969302,0.00729402,0.010334
3100,-0.080474767888031595,0.00335154,0.00544346
3200,-0.06126310109444149,0.00668894,0.00785847
3300,-0.13186806543431254,0.0127349,0.0083196
3400,-0.099906224891441117,0.00354633,0.00485701
3500,-0.081818242629294283,0.00284882,0.00550939
3600,-0.040500087040457995,0.00885981,0.00340577
3700,-0.014557055383720287,0.00253357,0.00656759
3800,-0.030806174131520397,0.00125063,0.00320947
3900,-0.03147376876386529,0.00203971,0.00542122
4000,-0.036917979905938571,0.00346159,0.00153784
4100,-0.12157299495487894,0.00780857,0.00823244
4200,-0.079020998061254899,0.00390017,0.00630653
4300,-0.1926343293558665,0.0118754,0.014555
4400,-0.072503620444335531,0.00157015,0.00128939
4500,-0.059786871642778454,0.00505136,0.00140031
4600,-0.11800963944269817,0.0149298,0.00168106
4700,-0.10082871821212956,0.00351582,0.00539186
4800,-0.068028580036892411,0.00147,0.00667408
4900,-0.12838228084684442,0.00808661,0.00765116
5000,-0.0060663801128464567,0.0276609,0.00794199
5100,-0.086685497104621589,0.00892113,0.00710256
5200,-0.080675370732178384,0.00681434,0.0125774
5300,-0.06111351602682432,0.0172587,0.0162285
5400,-0.046836811688618314,0.00746232,0.00325025
5500,-0.10858555314931211,0.00778863,0.00159417
5600,-0.041271468054370694,0.0187674,0.00858783
5700,-0.056763786593237484,0.0165044,0.00233936
5800,-0.0066728141908891873,0.00666316,0.00421556
5900,-0.031014424185407039,0.0205632,0.00388514
6000,-0.1281653730629137,0.00635321,0.00568474
6100,-0.1322916943280153,0.0246474,0.00770529
6200,-0.050950989676831135,0.0113763,0.00176239
6300,-0.15493145807034364,0.00843607,0.00817085
6400,-0.038253701699024159,0.00837954,0.000258428
6500,-0.17622804705302247,0.012225,0.00391187
6600,-0.13822486607227169,0.00638792,0.00330681
6700,-0.20750590259741716,0.0747687,0.0101926
6800,-0.017023706272040546,0.0333006,0.00875717
6900,-0.041394121617571854,0.0897216,0.00373344
7000,-0.15056136528535138,0.027141,0.0049638
7100,-0.04560376159970219,0.0221521,0.00384188
7200,-0.11411614198599089,0.0905544,0.00233068
7300,-0.025087767352158018,0.0767594,0.00413399
7400,-0.1172773092873358,0.0123866,0.00229581
7500,-0.063876825391926309,0.0337673,0.00478425
7600,-0.02338010810969372,0.039675,0.00357431
7700,-0.11744785103788927,0.0434834,0.00164958
7800,-0.12401381870750371,0.0190111,0.00519122
7900,-0.062155367300180592,0.0274958,0.000511913
8000,-0.068873968712345274,0.0041511,0.00965783
8100,-0.021506918866508982,0.00253495,0.00160777
8200,-0.067310039024340684,0.00381451,0.00964992
8300,-0.072184629366973924,0.0051419,0.00262915
8400,-0.090546636642909406,0.00222834,0.00212718
8500,-0.099159072053812997,0.00436934,0.00191059
8600,-0.14479147722507368,0.00982995,0.00328822
8700,-0.076373623406355909,0.00217268,0.000952797
8800,-0.051705196427199264,0.00101472,0.00171757
8900,-0.068349977140952256,0.00101476,0.00265033
9000,-0.026572599237011069,0.000203739,0.00176644
9100,-0.025446456924875367,0.000684174,0.00167016
9200,-0.097186309979284596,0.00249438,0.00144395
9300,-0.10715702140889957,0.00342578,0.00224285
9400,-0.14556119746228452,0.00801387,0.00670755
9500,-0.11149770236364054,0.00343271,0.00614052
9600,-0.11102993384002416,0.00280526,0.00432111
9700,-0.17469030002074248,0.0102101,0.00661108
9800,-0.064815365792464441,0.00323359,0.0034989
9900,-0.10498009812519447,0.00234311,0.00391158
10000,-0.064151462945926524,0.00043158,0.000727524
10100,-0.054293086634194729,0.00266799,0.00170869
10200,-0.15865671276899068,0.00868782,0.00336923
10300,-0.20571212426544086,0.0161593,0.00585281
10400,-0.094877877213667874,0.00144646,0.000854349
10500,-0.052912462767091203,0.00248962,0.00525704
10600,-0.16491286610268227,0.00859129,0.00300931
10700,-0.15719402660249235,0.00789522,0.00392085
10800,-0.11364491924673381,0.00241077,0.00474871
10900,-0.1214418408662757,0.00292749,0.0015002
11000,-0.072067421123235234,0.000183673,0.000492744
11100,-0.10419548743370027,0.0019648,0.00578301
11200,-0.012593803482176447,0.304335,0.00213831
11300,-0.2048638711237358,0.0701772,0.0070113
11400,-0.05928154269999087,0.066138,0.00156204
11500,-0.082085430344618723,0.021,0.00366559
11600,-0.092641026750512501,0.1557,0.000922869
11700,-0.21149532153156339,0.0136191,0.00565924
11800,-0.13315009686038093,0.00523343,0.00174441
11900,-0.12801955506733598,0.0571573,0.00113706
12000,-0.060723408402219035,0.187778,0.00159769
12100,-0.0045301801171742937,0.00270089,0.00367682
12200,-0.040390675606599175,0.497805,0.00476476
12300,-0.092197747431720906,0.595157,0.00190834
12400,-0.016804538431108042,0.715181,0.00629629
12500,-0.16579947101679426,0.151553,0.0033211
12600,-0.038219472958714681,0.302992,0.0035341
12700,-0.12718022187985767,0.101919,0.00556612
12800,-0.036402030263093937,0.0305344,0.000969074
12900,-0.071008571082189706,0.177856,0.003326
13000,-0.18539641589317771,0.0106648,0.0056367
13100,-0.12996082610504969,0.0724439,0.00183304
13200,-0.048021154975954709,0.154902,0.0019243
13300,-0.13522059739258085,0.00607101,0.00192417
13400,-0.070834494768414413,0.0916208,0.000781628
13500,-0.048764180287397353,0.00490237,0.00153332
13600,-0.059863707920612158,0.0186717,0.00311494
13700,-0.0439332318287073,0.127509,0.000523203
13800,-0.014599491734552718,0.0660819,0.00355161
13900,-0.050283729303133073,0.0071124,0.000342922
14000,-0.07949157163949272,0.056995,0.00328692
14100,-0.12500219074122343,0.532923,0.00424417
14200,-0.0017191563146813648,0.486896,0.00384389
14300,-0.098838013448506998,0.593628,0.00414295
14400,-0.012729884797812592,0.732609,0.00538974
14500,-0.19106606427353323,0.0104021,0.00547672
14600,-0.1478838858139209,0.00431982,0.00262333
14700,-0.1342786183512924,0.0486935,0.00381636
14800,-0.028802386563690621,0.485068,0.00132636
14900,-0.13471045725726213,0.00288374,0.002502
15000,-0.18972783239698529,0.757085,0.00418455
15100,-0.013664582646375444,0.793524,0.00440946
15200,-0.15968105715255823,0.00487023,0.00383665
15300,-0.14026174368231914,0.354266,0.00190014
15400,-0.038654624027068853,0.49535,0.00334979
15500,-0.14015066465708598,0.00579846,0.0027514
15600,-0.051538126019247725,0.273491,0.000786258
15700,-0.0080739247770088823,0.00769823,0.00408084
15800,-0.0063481715137873509,0.242276,0.00177091
15900,-0.095051211922282372,0.315041,0.00182633
16000,-0.011137456814996132,0.00794959,0.00413239
16100,-0.070098411805570582,0.00441196,0.00397283
16200,-0.0059051392576080089,0.00129951,0.00162178
16300,-0.036281734323746859,0.00560893,0.00327797
16400,-0.0077781863774849056,0.476842,0.00125796
16500,-0.16424496012607059,0.240894,0.00496814
16600,-0.043823927132992969,0.225884,0.00385023
16700,-0.12270002893644615,0.0213848,0.00169233
16800,-0.19022856829367515,0.0247999,0.0036669
16900,-0.16741572736970017,0.00732148,0.00273751
17000,-0.16700572539134081,0.00558109,0.00361958
17100,-0.22883745935522931,0.0269804,0.00600321
17200,-0.11605539675428825,0.00403787,0.000789148
17300,-0.091586458593191353,0.00123783,0.000556879
17400,-0.14509751282562935,0.00366002,0.00154003
17500,-0.13295249119013586,0.0327626,0.00118329
17600,-0.068210651623639415,0.0847479,0.00369099
17700,-0.13466552945543422,0.135239,0.00356551
17800,-0.02745492483812844,0.525251,0.000631692
17900,-0.12395217309322874,0.00392457,0.00103364
18000,-0.10371938103382342,0.00151258,0.00207593
18100,-0.12878418520948334,0.0190474,0.000975222
18200,-0.080813754000261792,0.0556589,0.000442511
18300,-0.16392214520447873,0.011618,0.00338423
18400,-0.10145171582131439,0.0399553,0.000710241
18500,-0.062702050361326561,0.268533,0.000204751
18600,-0.023475367001069808,0.148215,0.00400307
18700,-0.047262132464680542,0.289745,0.000732535
18800,-0.13183191998234148,0.448919,0.00173052
18900,-0.053162883503428036,0.440115,0.00341307
19000,-0.20744960970622828,1.29824,0.00401773
19100,-0.0023839570431639649,0.0091841,0.00261516
19200,-0.027230124548178875,0.904562,0.00304322
19300,-0.073275389749121164,0.07721,0.000495752
19400,-0.19784542633232094,0.0124702,0.00408046
19500,-0.13640450676556987,0.0488442,0.00265321
19600,-0.065916114801684328,0.092925,0.000902656
19700,-0.017906350819010704,0.094287,0.0017558
19800,-0.076015941467465209,0.279466,0.00133099
19900,-0.033046672195636957,0.015775,0.00263262
20000,-0.040960208693960082,0.808389,0.000767774
20100,-0.18566116376758024,0.247665,0.00291383
20200,-0.087457975121309234,0.228895,0.00238716
20300,-0.013920114289957493,0.956723,0.00140295
20400,-0.14831956497094773,0.0136131,0.00156158
20500,-0.090749784738137579,0.0149047,0.000524049
20600,-0.10117856116580311,0.224052,0.000258933
20700,-0.14921881503194551,0.865511,0.00250596
20800,-0.028875316092369752,0.579886,0.00243766
20900,-0.11383769470223241,0.101569,0.000984957
21000,-0.070831414451708319,0.0836425,0.0012628
21100,-0.034401610471884309,0.577772,0.00109611
21200,-0.14992589643815271,0.00282009,0.00112549
21300,-0.14739397531579995,0.00256925,0.00119651
21400,-0.13773876320914699,0.197181,0.000874851
21500,-0.076109065666646908,0.0179134,0.00253861
21600,-0.10886092350532499,0.028806,0.00188951
21700,-0.095301833495144136,0.314829,0.000385065
21800,-0.072332913642525504,0.209254,0.00250679
21900,-0.10333104089741556,0.639369,0.00106207
22000,-0.027562471795640912,0.74433,0.00296473
22100,-0.13402445484328204,0.00156005,0.00111377
22200,-0.16705216659444971,0.203892,0.00307902
22300,-0.062008970118621123,0.0815287,0.00113217
22400,-0.013127919574756081,1.36475,0.000717218
22500,-0.17080772419483681,1.0671,0.00186015
22600,-0.019799768436057782,1.35557,0.000291085
22700,-0.1601211203070794,1.57681,0.00132388
22800,-0.011776686054987179,0.490033,0.000971789
22900,-0.094333884908494717,0.369807,0.000248963
23000,-0.085798594518381538,0.290732,0.00220584
23100,-0.029356030524431066,1.39929,0.00286816
23200,-0.17752239644112744,0.911995,0.00143476
23300,-0.07543775388801166,0.257588,0.00401374
23400,-0.090261158425311447,0.0034977,0.0015594
23500,-0.14968737579089861,0.00200976,0.000907902
23600,-0.20697500271435992,0.00956652,0.00350426
23700,-0.18400874774455592,0.0159402,0.00325976
23800,-0.089146658622388658,0.769903,0.00240105
23900,-0.019543751941173949,0.195233,0.00342632
24000,-0.027370901139674296,0.0326862,0.000794137
24100,-0.035932902480610963,0.515919,0.000527784
24200,-0.1136741132405315,0.00168005,0.00211841
24300,-0.11915155699316977,0.00187671,0.00104442
24400,-0.19975250374026202,1.01427,0.00206463
24500,-0.028028829221959321,0.0478934,0.00218918
24600,-0.066298680363812854,0.245852,0.00186226
24700,-0.092689162803394745,0.117612,0.000450244
24800,-0.037967010932358866,0.67714,0.000646497
24900,-0.16546687853676784,0.00428552,0.0033408
25000,-0.18410681530241138,0.00714959,0.00179638
25100,-0.12065001780044435,1.24996,0.000725566
25200,-0.017799689984801047,1.27889,0.00221642
25300,-0.15446207599080317,0.269294,0.0009417
25400,-0.10113604642194686,0.0195651,0.00324463
25500,-0.072487567007157777,0.188642,0.00100515
25600,-0.15551352040306121,0.00888201,0.000719251
25700,-0.096009650367311003,0.0766282,0.000294468
25800,-0.16979111182590248,0.619589,0.00195232
25900,-0.045693182048286547,0.866786,0.00205604
26000,-0.11806618236110206,0.022848,0.000488542
26100,-0.16350152189792336,1.24716,0.00189134
26200,-0.01510049439371121,1.06264,0.00172617
26300,-0.13849693321504913,0.126005,0.00175815
26400,-0.081997189870330445,0.158931,0.00124156
26500,-0.11272404210660883,0.633367,0.000246159
26600,-0.035140904488409903,0.426927,0.00138442
26700,-0.059980005218943415,0.0525414,0.000138071
26800,-0.091255529568150084,0.0912885,9.827e-05
26900,-0.14203787719299654,0.600424,0.000127213
27000,-0.10224875818587419,0.0191431,0.00330889
27100,-0.088311422699703657,0.0812449,0.000360583
27200,-0.15501464859318731,0.401068,0.00146442
27300,-0.021016029472524497,0.0159459,0.000516232
27400,-0.029351561605000635,0.0387661,0.000357703
27500,-0.048018113916307767,0.00728551,0.00145233
27600,-0.025169521542132842,1.06229,0.00106491
27700,-0.16678682587521021,1.19747,0.00042604
27800,-0.015367125644898076,0.136858,0.00026886
27900,-0.077209858463716585,0.0122727,0.0030352
28000,-0.066643493521465244,0.242938,0.00115986
28100,-0.0086960109761287357,0.900398,0.000137091
28200,-0.098052253941022502,0.00378363,0.00118718
28300,-0.10406847490224973,1.03851,0.000856426
28400,-0.015894398997292031,0.712508,0.000679896
28500,-0.088976452967797229,0.0499612,0.00118613
28600,-0.10516096440505762,0.892885,0.000324194
28700,-0.072338982680272099,0.523242,0.00251749
28800,-0.13640015636252789,0.169604,0.00177037
28900,-0.080215627471502959,0.0857424,0.00246458
29000,-0.041190046025643821,0.0838302,0.00117582
29100,-0.01296748464225953,1.14314,0.00221541
29200,-0.15163362291976282,0.242112,0.00170278
29300,-0.081294085441422498,0.157818,0.000529657
29400,-0.1546334598451902,1.86754,0.0017276
29500,-0.015596672265909503,1.1105,0.00269885
29600,-0.073042982306886703,0.386356,0.00115282
29700,-0.18329708826315577,1.82648,0.00145153
29800,-0.01290866696391524,0.0115191,0.00019988
29900,-0.052853288359715637,0.947457,0.0024823
30000,-0.14773473967153064,0.00157657,0.00142361
30100,-0.11898979647828803,0.418638,0.000514753
30200,-0.042350141978124707,0.0478166,0.000858092
30300,-0.014971260827517905,0.832742,0.000427777
30400,-0.07576558146679839,0.377703,0.000283933
30500,-0.10006080154108077,0.0614787,0.00400528
30600,-0.01104418017100999,1.0188,0.000514665
30700,-0.088918749039253966,0.0348387,0.00033234
30800,-0.083970716899330167,0.126412,0.000777765
30900,-0.074447215734353089,0.156695,0.00335187
31000,-0.18102169135785801,0.283284,0.00235028
31100,-0.061344007352768043,0.425773,0.00115593
31200,-0.1710345938762686,0.00737995,0.001819
31300,-0.147896774921492,1.69201,0.00149493
31400,-0.0060566738434666033,0.377627,0.000953638
31500,-0.042443887557969739,0.551683,0.00150373
31600,-0.086321542452545141,0.0575341,0.000107398
31700,-0.14387572846006091,0.00226911,0.000194794
31800,-0.17167934229874238,0.0101119,0.00049387
31900,-0.098794099891241716,1.85588,0.00010359
32000,-0.018862869037922586,2.11656,0.00250232
32100,-0.11925082337881904,1.62285,0.00122048
32200,-0.013025980934382399,0.291434,0.000825297
32300,-0.08048192245133233,0.0184056,0.0012923
32400,-0.096525622621652152,0.0116136,0.0018871
32500,-0.031299763437573451,0.0179514,0.00011265
32600,-0.063608354043609983,0.0111461,0.00134393
32700,-0.041182912923484055,0.228303,0.00100887
32800,-0.11947494959517962,0.0125606,0.000237462
32900,-0.14411749892330655,0.00363753,0.00199007
33000,-0.11660000035103213,0.0231595,0.00125911
33100,-0.22757529158324147,0.0169611,0.00222124
33200,-0.106859954379044,1.52875,0.00092317
33300,-0.027915935114721253,1.33805,0.00330135
33400,-0.21381064067898034,0.407654,0.00234314
33500,-0.036411044282851482,0.10366,0.000449325
33600,-0.013967480092757213,1.264,0.00119599
33700,-0.14302103232461261,0.860328,0.000246314
33800,-0.062724763315890067,0.449649,0.000252164
33900,-0.13820841743521856,0.00323026,0.0012363
34000,-0.21268602801713421,1.70008,0.00153586
34100,-0.019902644804647471,1.20875,0.00170518
34200,-0.14415332673960785,0.963881,0.00253517
34300,-0.065161271900000914,0.140552,0.00338827
34400,-0.05474532464467291,0.0274084,0.000103564
34500,-0.022641881256064193,0.951725,0.00113925
34600,-0.15679403656982432,0.028407,0.00215108
34700,-0.12689997294772096,0.0297612,0.000887462
34800,-0.11247170845085133,0.0031442,0.00124294
34900,-0.12373112328690204,1.19004,0.000139573
35000,-0.022111117068380891,0.07044,0.00101617
35100,-0.011449049759152339,1.55856,0.00224225
35200,-0.093062393364304524,0.0931015,0.000829913
35300,-0.12366820440881723,0.0243362,0.000466056
35400,-0.20756430726287456,1.87435,0.00285595
35500,-0.032160964129393892,0.00857679,0.00137399
35600,-0.014853422682067694,1.4127,0.000315657
35700,-0.20460009936587764,0.00828699,0.00332082
35800,-0.2053599421729328,1.31574,0.00112892
35900,-0.018476402643545563,0.0422657,0.000317986
36000,-0.018975918040994511,0.839667,0.00120841
36100,-0.065212641286020279,0.590224,0.000338076
36200,-0.17982034295719701,1.89096,0.000558174
36300,-0.0095663927276140107,1.57824,0.00176641
36400,-0.17013983117910325,0.0046013,0.000184768
36500,-0.1528710429726966,1.26301,0.00134926
36600,-0.032322169069990699,0.230282,0.00330235
36700,-0.14731155540740948,0.0082091,0.00431117
36800,-0.083917303054910783,0.179033,0.000574718
36900,-0.0495236621958203,0.787616,0.00139736
37000,-0.10459548151466212,0.397212,0.000181362
37100,-0.087309709088954315,0.0854949,0.00081789
37200,-0.054031687457855498,0.697056,0.000709826
37300,-0.16806230863257171,1.64464,0.000158202
37400,-0.0110054233315139,0.744362,0.000651669
37500,-0.088046611747006023,0.177309,0.00113659
37600,-0.098178307212669957,0.13039,0.0015673
37700,-0.047316350551818029,0.0179452,0.00237815
37800,-0.02560364361117122,0.118883,0.00185256
37900,-0.083925576852783873,0.00712446,0.000797292
38000,-0.032524063074731019,0.943059,0.000184614
38100,-0.14545676795466417,0.42468,0.000830414
38200,-0.091663621898918121,0.403536,0.000616896
38300,-0.068352002958939173,1.00355,0.000898564
38400,-0.1554555936603563,0.405734,0.00154203
38500,-0.058467907706646366,0.107965,0.000355732
38600,-0.12608469113961873,0.654383,0.00117642
38700,-0.049473453340872803,0.589869,0.000593901
38800,-0.10293440871957529,0.0104589,0.000561976
38900,-0.098421686366688466,0.179338,0.000266427
39000,-0.20103199578878542,1.24312,0.0020141
39100,-0.036918749061965121,0.823403,0.00137716
39200,-0.093028983968454673,0.245668,0.000209891
39300,-0.21153001777878835,0.00857283,0.00148736
39400,-0.14703702025304341,0.00696791,0.000467287
39500,-0.11951512785029976,0.0350114,0.000272485
39600,-0.10096382205055933,0.0536167,0.000481086
39700,-0.063386926069159424,0.0305878,0.000678534
39800,-0.053848946060216708,0.066821,0.000697118
39900,-0.014854910705184408,0.0454548,0.00072576
40000,-0.079742961307887314,0.00812254,0.000446817
40100,-0.086760314016723641,0.057146,0.00111872
40200,-0.064053304854763807,0.0543739,0.000276999
40300,-0.076248208854739291,0.142847,0.000146048
40400,-0.091759547782661419,0.0733386,0.000309133
40500,-0.084878532681153682,0.0936478,0.00147909
40600,-0.12348007169325804,0.763276,0.000291865
40700,-0.041394052183562957,0.154907,0.00138438
40800,-0.068648561083809817,0.142364,0.00118665
40900,-0.048379099535010246,0.0462917,0.00101176
41000,-0.086112069702876909,0.0178046,0.00164642
41100,-0.062657544078397298,0.520777,0.00105355
41200,-0.1325129313721724,0.35646,0.000194021
41300,-0.020566888514094078,0.00884975,0.00016787
41400,-0.029719637379637551,0.00545054,0.000105131
41500,-0.027276059196016007,0.0187474,0.000126707
41600,-0.067997269713849826,0.00910527,0.00102586
41700,-0.090964173300693799,0.408592,0.00255136
41800,-0.19566786749072057,0.0823453,0.00230485
41900,-0.20122570001051229,0.0223296,0.00273858
42000,-0.13491964738014339,0.140331,0.00164886
42100,-0.07583158682148522,0.0107249,0.00174549
42200,-0.10902269603376791,0.02563,0.00266829
42300,-0.060951366497113461,0.0277938,0.000267766
42400,-0.048696602395224484,0.0679643,0.000570557
42500,-0.058425768494160132,0.176758,0.000370521
42600,-0.010170434881414645,2.06235,0.00155576
42700,-0.12034403663464392,0.0213192,0.000772386
42800,-0.13917820157346467,1.26388,0.000353416
42900,-0.030464767113972391,1.0918,0.00142587
43000,-0.11382613470117282,0.115525,0.000335283
43100,-0.13083072589656092,0.10756,0.000342131
43200,-0.043192968709995262,0.483355,0.000861162
43300,-0.021477985588353832,0.138432,0.00116588
43400,-0.074919561001280985,0.0806558,0.00104233
43500,-0.054000166153664569,0.12117,0.000616557
43600,-0.042112359231608484,0.0333292,0.000446769
43700,-0.038397907465734599,0.217012,8.24396e-05
43800,-0.10623257078187633,0.582724,0.00188953
43900,-0.035451485901962537,0.10092,0.000601974
44000,-0.051453430553524075,0.781856,0.000610742
44100,-0.16798338902688381,0.269364,0.000826086
44200,-0.082309273505092775,0.144791,0.000112309
44300,-0.020022590348158585,0.00924112,0.000209918
44400,-0.01240877762621881,0.038884,0.000157353
44500,-0.032756805627935835,0.205257,7.21496e-05
44600,-0.097193172795281044,0.128286,0.000455478
44700,-0.048009073828495577,0.00632086,0.000246871
44800,-0.047135470277554659,0.00135578,6.20449e-05
44900,-0.064481143561368331,0.00817325,0.000599009
45000,-0.09877080657370918,0.00168494,0.00107069
45100,-0.058419102569645165,0.145311,0.000190896
45200,-0.038949453249190441,0.872542,0.000243259
45300,-0.14984850432669514,0.00694487,0.00192949
45400,-0.10614116805558936,0.0414811,0.000139845
45500,-0.13471867887454467,0.0630663,0.000250031
45600,-0.14522392193455852,0.000729512,0.00133263
45700,-0.10356614132405717,0.209238,0.00021642
45800,-0.054360811745416827,0.15098,5.29176e-05
45900,-0.019354974216636837,0.0131074,0.000771755
46000,-0.052090967456036023,0.0259786,0.00141637
46100,-0.017682367474395978,0.0079957,0.000555874
46200,-0.023474968417838946,0.164176,0.000336741
46300,-0.069707912031224312,0.00380593,7.59466e-05
46400,-0.10568470564048198,0.511899,0.000675626
46500,-0.028757923508654411,1.26158,0.00162117
46600,-0.13275527612106397,0.353117,6.19542e-05
46700,-0.10256316925947223,0.00973463,0.000394778
46800,-0.043543701258749179,0.0320959,0.000612773
46900,-0.068479750675609588,0.200089,0.000453325
47000,-0.077226105517081645,0.175856,5.44388e-05
47100,-0.041178012825200311,0.146601,0.00112458
47200,-0.085602250033525049,0.151679,0.000111225
47300,-0.17296835397951235,0.041412,0.00183434
47400,-0.096516393726703911,0.00882339,0.00051531
47500,-0.074258238319565961,0.0802038,5.25478e-05
47600,-0.13877969574789251,0.0698706,0.000412852
47700,-0.14799252234928784,0.682468,0.00073479
47800,-0.041107965272803713,0.00745954,6.35988e-05
47900,-0.073866624220604082,0.0932734,0.000848807
48000,-0.1048331398894142,0.0447253,0.000338109
48100,-0.12440974940808354,0.216405,0.000266796
48200,-0.080405506969505533,0.00808253,0.000139945
48300,-0.098552933227656403,0.0194596,0.00048867
48400,-0.07890045484176951,0.387,0.000613356
48500,-0.2107729291876021,0.0710545,0.00176956
48600,-0.15890615547164008,0.253629,0.00204123
48700,-0.059400021741068454,0.0331266,0.000328512
48800,-0.013934320480616739,1.11743,6.91116e-05
48900,-0.11610489202822276,0.502742,0.00078762
49000,-0.092766896054137932,1.08932,0.00103953
49100,-0.017684645087747985,1.71704,0.0010927
49200,-0.12860316127676663,1.2047,0.00120303
49300,-0.025009764438279913,1.67679,0.000531116
49400,-0.17701393399576745,0.987779,0.000210517
49500,-0.016609146880706138,0.0128851,0.000424951
49600,-0.023182498814780562,0.127153,4.90634e-05
49700,-0.097458455714654113,0.111236,0.000140987
49800,-0.06207789368079198,0.648679,0.000526602
49900,-0.14134726132332409,0.647676,0.000387199
50000,-0.043584170519646276,0.873448,0.000152328
50100,-0.14392500109450004,0.00858566,0.000629705
50200,-0.21176651306116021,1.52629,0.00166883
50300,-0.05733869757265065,0.917401,0.00137769
50400,-0.13177168433666514,0.324427,0.00118304
50500,-0.070611164894830852,0.0803225,0.000161703
50600,-0.071454202690511878,0.204277,5.58659e-05
50700,-0.096813622746965228,0.101732,0.000661678
50800,-0.14391181434464306,1.30723,0.000343483
50900,-0.022941141323071155,0.0981195,0.000930783
51000,-0.080824047932431975,0.288151,0.00106338
51100,-0.0097715310645621646,0.0051582,0.000293705
51200,-0.021151427219447575,0.710051,0.00096325
51300,-0.10273728915358622,0.102085,0.001314
51400,-0.1639058990369221,1.54967,0.000651954
51500,-0.00092003695737079587,0.0213395,0.000194068
51600,-0.010208096103207623,1.84563,0.00149182
51700,-0.17783129668406669,0.303436,0.000354698
51800,-0.064142560828491138,0.042228,8.71459e-05
51900,-0.038676194940118577,1.10249,0.000897464
52000,-0.1729918236173596,0.932718,0.000730096
52100,-0.069577440594884118,0.00120398,0.000291064
52200,-0.061170308912244169,0.076569,0.00033529
52300,-0.10440141533809666,0.00528811,0.000128917
52400,-0.075307086691376687,0.330987,0.000175572
52500,-0.0065220740080455834,1.14472,0.00100525
52600,-0.13023945432856071,0.0516859,0.00015999
52700,-0.17820892282814996,0.498796,0.000345175
52800,-0.10727817942967449,0.137544,0.00262331
52900,-0.12241880259488522,0.055135,0.00156476
53000,-0.077051436177465946,0.283255,0.000225049
53100,-0.020072740283113597,0.00213957,0.000247718
53200,-0.038483943724631368,0.00631406,0.00087263
53300,-0.014709456362524602,0.0390728,0.000253799
53400,-0.028998927791618542,0.47484,0.00126966
53500,-0.082005747831138148,0.243885,8.66431e-05
53600,-0.17867466114579098,0.09975,0.000297589
53700,-0.11223036961707232,0.150714,0.000323048
53800,-0.14014219162732927,0.962642,4.39402e-05
53900,-0.067909837600009806,0.262947,0.000918635
54000,-0.021973250819141355,0.00752475,0.00128271
54100,-0.043761742893583436,0.000731456,0.000250168
54200,-0.064039718886315808,0.0458579,0.00154257
54300,-0.064532623833126537,0.0152228,0.000743034
54400,-0.033991577173584621,0.0137289,0.000174332
54500,-0.0040526920604351119,0.138361,8.50796e-05
54600,-0.078081855079501453,0.469396,0.000500188
54700,-0.17517268562878618,0.0121743,0.000165087
54800,-0.12407218930322715,0.311471,6.21376e-05
54900,-0.084958975927780039,0.0608766,0.00153402
55000,-0.095660751192130175,0.44374,0.000545827
55100,-0.010963788192190398,1.73053,0.000134976
55200,-0.13154910530037248,0.00849441,0.000655968
55300,-0.18747202267537014,0.050688,0.00110707
55400,-0.095164000274430643,0.133299,6.30678e-05
55500,-0.13428108523213961,0.0054665,0.000314649
55600,-0.14761065422746453,0.00423491,0.00015472
55700,-0.15670256003544572,0.00143647,3.01459e-05
55800,-0.19986598703141403,1.25427,0.00225539
55900,-0.019290604213650829,0.378323,0.000274633
56000,-0.070960834189399996,0.386513,0.000131948
56100,-0.13725806605989033,1.05914,0.00116324
56200,-0.040576840277583522,0.227531,0.000116677
56300,-0.089579781688674073,0.44934,0.000114783
56400,-0.17985304749436545,0.327511,0.000542378
56500,-0.11207857187528861,0.231122,8.76673e-05
56600,-0.052989135930841785,0.0710549,4.13061e-05
56700,-0.066512044149846739,0.0187848,0.000369925
56800,-0.067991632643755018,0.735719,6.53614e-05
56900,-0.21978262220396499,1.43586,0.000809599
57000,-0.018006887252862935,0.22093,0.000293826
57100,-0.056974188077331282,0.67595,0.000113771
57200,-0.022690406154125577,0.201293,0.000635785
57300,-0.060767832617846025,0.10386,0.00140863
57400,-0.06212743732024973,0.0715042,0.00155337
57500,-0.061899045557744642,0.0569465,0.00011282
57600,-0.083010551808011146,0.0230598,0.00103996
57700,-0.019501587652804363,0.00826097,5.58822e-05
57800,-0.082869595771584995,0.0240062,0.00121222
57900,-0.094263139327248446,0.106713,0.000934548
58000,-0.042796889229795403,0.575216,0.000158362
58100,-0.12434502529222292,0.062091,5.21112e-05
58200,-0.14611311373180658,1.555,0.00142014
58300,-0.047661774639227834,1.21094,0.000168709
58400,-0.13970629842597637,0.803856,2.92476e-05
58500,-0.018762039624852296,0.12273,0.000765246
58600,-0.073388207442431644,0.0683313,8.56701e-05
58700,-0.070506978356449174,0.272061,0.000170019
58800,-0.038578982832299775,0.236366,0.00168428
58900,-0.080715302588794502,0.00777136,0.000127726
59000,-0.056009102141382369,0.0352946,0.000122916
59100,-0.083961707723922974,0.0627524,0.00145374
59200,-0.13098110682658629,0.387968,0.000418111
59300,-0.059135266335090683,1.07904,6.36342e-05
59400,-0.23441078109845986,1.57917,0.0014965
59500,-0.022020073939194411,1.41788,7.97757e-05
59600,-0.16052025601473141,0.003269,0.000248545
59700,-0.17398376276012192,0.515096,0.000658579
59800,-0.068083912636595162,0.14627,8.47781e-05
59900,-0.037279083053723475,0.0019612,0.000261012
60000,-0.035649623496667428,0.0216252,0.00151188
60100,-0.072032839565258605,0.00899279,0.000654633
60200,-0.059336686990194974,0.508417,0.000174261
60300,-0.1090590635237228,0.125294,0.000533583
60400,-0.11551709578843099,0.585012,0.000223525
60500,-0.067922694967530853,0.00683151,4.80794e-05
60600,-0.058553213069786461,0.173069,0.00120221
60700,-0.13092458639291357,0.115903,0.000109574
60800,-0.10514134152468581,0.242151,5.05885e-05
60900,-0.15015688608942843,0.000272173,0.000269882
61000,-0.14638225662208834,0.231794,9.41381e-05
61100,-0.11289905857986383,0.0216153,0.000365483
61200,-0.13009802992446459,0.885813,0.000622714
61300,-0.045982002344078607,1.14466,0.000146534
61400,-0.16360703331859949,0.751014,0.000313822
61500,-0.03078541653093899,0.0224164,0.000118824
61600,-0.04974042849670627,0.0574603,2.06898e-05
61700,-0.017941879973010263,1.74184,0.000259828
61800,-0.22740786714241981,0.00582023,0.00108076
61900,-0.16161694777993207,0.64446,0.00031079
62000,-0.081162110557612688,0.512361,0.000119072
62100,-0.15127103130513178,0.000317005,0.000452265
62200,-0.12937841418120707,1.58157,0.000165749
62300,-0.0033333641364885615,0.0156346,7.62137e-05
62400,-0.032071278639409229,0.0025221,0.00031119
62500,-0.021304339086657145,0.00138767,4.82831e-05
62600,-0.021499410737397095,1.79991,7.86321e-05
62700,-0.20268867258603288,1.99831,0.00203422
62800,-0.007033231761721691,1.86912,6.76747e-05
62900,-0.17308375214125019,0.240816,0.00146692
63000,-0.06499990426447004,0.307801,0.000148416
63100,-0.10494612275193319,0.709061,0.000191918
63200,-0.050178841892766321,0.382532,0.0001696
63300,-0.073576757132390327,0.165987,0.000204451
63400,-0.051568418992708399,0.00459701,0.000100401
63500,-0.09708227388010833,0.311806,0.000814623
63600,-0.0060285921589518562,0.792107,0.000682443
63700,-0.077298118388538464,0.153145,9.05921e-05
63800,-0.10073842604708004,0.301072,2.87904e-05
63900,-0.18866588069687459,0.538603,0.000868372
64000,-0.073983967928731659,0.00235295,0.000150838
64100,-0.094935630226055084,0.149793,9.1774e-05
64200,-0.11194156264902326,0.104393,0.000465485
64300,-0.17031343759715253,2.12588,0.000556125
64400,-0.010732314888948331,2.17904,0.000320019
64500,-0.10831835682960377,0.359494,0.000547048
64600,-0.031456865772962257,0.682118,0.00012528
64700,-0.1247053033740743,0.0343278,3.52391e-05
64800,-0.12992109069660526,0.0393076,0.000323264
64900,-0.14177223967878208,1.67931,5.31655e-05
65000,-0.018783289487855029,0.0375141,0.000545459
65100,-0.058700784107888031,0.579346,0.000815091
65200,-0.16139111167048475,0.324462,0.000915524
65300,-0.051373310747457851,0.0309641,0.000119748
65400,-0.044095711667590007,0.803821,0.00108045
65500,-0.1345686302633376,0.098113,0.0001973
65600,-0.23984297206861582,0.0259511,0.000920466
65700,-0.14033111239712592,0.00338447,0.000427293
65800,-0.14354565092429372,0.028297,0.000106077
65900,-0.18836582746656508,0.0915452,0.000194842
66000,-0.10646682019547526,0.213369,0.000616841
66100,-0.068221369129112516,0.756283,0.000156752
66200,-0.17543563054765732,0.138395,8.14456e-05
66300,-0.096230186362651668,0.335538,0.000673449
66400,-0.06894865903256607,0.0224504,8.72546e-05
66500,-0.049743634585192084,1.28189,4.87595e-05
66600,-0.21654864704373125,0.0520716,0.00054751
66700,-0.14072746041828468,0.030381,3.85099e-05
66800,-0.17588498362341995,1.38309,0.000391934
66900,-0.058634605445826403,0.190843,0.000745168
67000,-0.10062919440951697,0.485616,7.19807e-05
67100,-0.025446725789997248,0.591873,9.48354e-05
67200,-0.092828836486832655,0.327877,0.000546476
67300,-0.072219344646458766,0.0262532,0.00128518
67400,-0.04516830268263413,0.298376,8.69002e-05
67500,-0.098341009482630623,0.0933336,0.00164873
67600,-0.14449174213957761,0.0264052,0.000225069
67700,-0.11051892427768049,0.0283129,0.000163759
67800,-0.13628498483817128,1.10605,0.000667769
67900,-0.027543643878553969,0.0482465,8.93029e-05
68000,-0.090631944851174623,0.326472,0.000244879
68100,-0.17036558657601833,0.00559069,0.000354392
68200,-0.16509541796472493,0.929672,0.000116601
68300,-0.045712335630998586,0.136106,4.87153e-05
68400,-0.071721657751656967,0.0969402,0.000689323
68500,-0.063244374803950135,0.243579,0.0010834
68600,-0.14079914113209768,0.74803,0.000211177
68700,-0.058911792660869294,0.596879,0.000540557
68800,-0.090523047317461011,0.175039,0.000118013
68900,-0.025925430478861283,0.174395,2.30287e-05
69000,-0.084306498570020608,0.0902801,0.000290014
69100,-0.033025011840643402,0.0102358,6.76127e-05
69200,-0.077911511035200137,0.00291569,0.000100951
69300,-0.076018546510151219,0.0646949,0.000675966
69400,-0.069631449624052946,0.0118938,0.000117761
69500,-0.1031199344924429,0.255324,0.000401432
69600,-0.010339571126587505,0.187975,0.000406545
69700,-0.050707356729309712,0.0180304,2.89231e-05
69800,-0.065414063283783644,0.0014972,1.68204e-05
69900,-0.090342376090771323,0.239345,0.00106246
70000,-0.15723851540960107,0.930625,2.76305e-05
70100,-0.057491761123598613,0.0238236,0.000451083
70200,-0.03001537907594742,0.00742668,0.000363486
70300,-0.037450358166554086,0.285036,0.000126737
70400,-0.10356102376862703,0.0156582,0.000101423
70500,-0.13601297508212917,1.2374,0.000836686
70600,-0.021026038033576701,0.0467121,0.000113569
70700,-0.02146375445176953,0.211254,7.71637e-05
70800,-0.082190386917182459,0.263994,0.000815848
70900,-0.10339427826099311,0.00888147,1.81409e-05
71000,-0.10848460866619143,0.00140756,7.29402e-05
71100,-0.09778901994777961,0.0416185,0.000216141
71200,-0.11676867694589924,0.0389199,2.03511e-05
71300,-0.12268010870364268,0.561186,6.72694e-05
71400,-0.048215089748312644,0.401664,0.00125175
71500,-0.11309625371007094,0.00870436,4.67272e-05
71600,-0.12700618670135014,0.973264,0.00024964
71700,-0.017884931070065876,0.471191,0.00077712
71800,-0.095658368153120024,0.447967,0.000213303
71900,-0.10901572879577329,0.269525,0.00018437
72000,-0.020919152231107473,0.0232512,0.00013745
72100,-0.034906643230429586,0.0485055,9.57962e-05
72200,-0.004103173607530021,0.0156328,7.08484e-05
72300,-0.019723554021693668,1.1385,0.00180248
72400,-0.15419755669161045,0.269516,0.000108421
72500,-0.078596291962702777,0.0746273,2.50736e-05
72600,-0.13652144738389935,0.377215,0.000253396
72700,-0.057699306629087399,0.0339996,9.96665e-05
72800,-0.069078936127345558,0.0593676,5.24207e-05
72900,-0.11981017302179903,0.0550721,0.00100805
73000,-0.10455185672606306,0.621999,3.57353e-05
73100,-0.031138618473777496,0.798833,0.00029782
73200,-0.12489211068694503,1.4025,0.00168877
73300,-0.0087337350757977147,2.14527,0.000139371
73400,-0.13613972828169904,1.07159,8.6085e-05
73500,-0.022358150178230011,0.0220842,0.000416856
73600,-0.078359583231141797,0.340262,7.19072e-05
73700,-0.14230968334891322,1.32363,0.000169937
73800,-0.037943428869744292,1.05865,0.00169252
73900,-0.1176058409178499,0.140909,5.6165e-05
74000,-0.085107532245910486,0.0208669,3.60384e-05
74100,-0.082054314783373758,0.0730895,0.000233592
74200,-0.041005580709446751,0.0383341,0.000125794
74300,-0.091336185630882125,0.64542,2.90717e-05
74400,-0.008104864192219478,0.456561,0.000917057
74500,-0.060673825574733768,0.0984152,5.85888e-05
74600,-0.0448701178329977,0.0272206,0.000270607
74700,-0.0064545924048574951,0.723523,0.000951749
74800,-0.091060102468107529,0.394668,5.35144e-05
74900,-0.14772853827129739,1.41981,5.76261e-05
75000,-0.028428187540366582,0.00361931,0.000731303
75100,-0.046270655097620593,0.03642,2.70512e-05
75200,-0.038348454639393445,0.628596,0.00025553
75300,-0.14156253017839701,0.85985,0.000614363
75400,-0.035154552656023658,0.032709,6.78686e-05
75500,-0.037405564537551721,1.32838,0.000124732
75600,-0.15948000974180529,0.0364214,0.00046589
75700,-0.16116355255556644,1.01463,5.07984e-05
75800,-0.060175323644990175,0.0845629,4.62148e-05
75900,-0.054593290430096794,0.189972,0.00100642
76000,-0.052432939782180651,0.0574848,0.000146506
76100,-0.074461864596432906,0.0258798,5.00181e-05
76200,-0.10516687090588377,0.0638575,0.000242625
76300,-0.13882118031825164,0.167432,0.000131927
76400,-0.079929684297661188,0.0901784,5.33966e-05
76500,-0.078928206306003224,0.703554,0.000665413
76600,-0.1510262563857464,1.44843,8.40197e-05
76700,-0.052297943250138916,0.0222925,8.45791e-05
76800,-0.034612956126093206,0.434515,0.00134231
76900,-0.09557650724639892,0.515118,2.97742e-05
77000,-0.03958417361426627,0.441587,4.34636e-05
77100,-0.12845337176554097,0.692076,0.00240317
77200,-0.067794443082986613,0.846235,0.000760732
77300,-0.19262819205809287,0.35515,0.000505918
77400,-0.088828217152307071,0.212531,0.00112165
77500,-0.033096122499355222,0.449564,7.25019e-05
77600,-0.080576795868130949,0.190443,3.42368e-05
77700,-0.04507119125928722,0.0529749,0.000730086
77800,-0.0037641709309015059,0.0844175,4.0893e-05
77900,-0.03490122524187142,0.441182,8.05935e-05
78000,-0.098719902979511373,0.192485,0.000893497
78100,-0.094630996269825629,0.0972581,8.72228e-05
78200,-0.15069447764672941,0.0317265,0.000227275
78300,-0.1243367394594412,0.289287,0.000630636
78400,-0.045490880895519926,0.390852,0.000133156
78500,-0.15521815235997893,0.222905,0.000120767
78600,-0.087441867317661473,0.541217,0.000516148
78700,-0.01237684344307761,0.0573279,4.16486e-05
78800,-0.037678387242312039,0.0134064,7.06531e-05
78900,-0.02271384108034899,0.0118568,0.000341786
79000,-0.010404443371563751,0.659757,3.63375e-05
79100,-0.11432627157877377,0.191978,9.601e-05
79200,-0.16940211302322605,1.88647,0.00125056
79300,-0.041510795578243907,1.64235,0.000597167
79400,-0.17585905516903516,2.05267,3.031e-05
79500,-0.014848988194631332,1.21763,0.00127506
79600,-0.092139415343246836,0.206569,5.0793e-05
79700,-0.055336068378416911,0.580632,6.21767e-05
79800,-0.1534826387038099,0.0295587,0.000608236
79900,-0.16658552530919871,0.84628,0.000154905
80000,-0.081310871659063241,0.782121,4.7518e-05
80100,-0.24585339893852115,1.95781,0.00255442
80200,-0.0022822351838730172,0.393437,3.33469e-05
80300,-0.056645147297425716,0.836474,0.00010435
80400,-0.14620484648479312,0.847384,0.00130048
80500,-0.044505595918466895,0.126504,6.49555e-05
80600,-0.061190539828795111,0.0178412,5.13199e-05
80700,-0.055642061493266233,0.118301,0.000696097
80800,-0.012344505750885207,1.47102,0.000101522
80900,-0.1517662381301747,0.00932315,7.36204e-05
81000,-0.12057125813906897,1.00349,0.00124537
81100,-0.040215037329135443,0.332416,0.00013275
81200,-0.10678949801297048,0.049725,5.4848e-05
81300,-0.056646990941230921,0.0187224,0.000444925
81400,-0.055434441312218918,0.138933,6.21084e-05
81500,-0.081876419808273038,0.31588,5.42115e-05
81600,-0.0033598231138780342,0.502027,0.000852215
81700,-0.1038821654645586,0.323659,2.48077e-05
81800,-0.065690156602016381,0.948411,0.000552258
81900,-0.17182196374253406,0.0313898,0.000319451
82000,-0.16292430119621973,0.00283066,0.00050412
82100,-0.13809874488470741,0.558344,7.75536e-05
82200,-0.043459163219650626,0.223257,0.00103615
82300,-0.084798041733884194,0.284271,6.78051e-05
82400,-0.040098156394161935,0.0739954,0.000100147
82500,-0.047732976823017942,0.054898,0.000141734
82600,-0.051049161790101119,0.00609457,0.000118074
82700,-0.039509070093304503,0.00322902,2.73317e-05
82800,-0.042841007588164726,1.00193,0.00112472
82900,-0.13880903272854853,0.165658,4.68336e-05
83000,-0.090878158208478055,0.0127987,5.74124e-05
83100,-0.10830751221939476,0.0350266,0.00136639
83200,-0.12295027519397658,0.984307,6.58051e-05
83300,-0.076540817555302287,0.459621,0.000706738
83400,-0.10603408544862106,0.361688,0.000948193
83500,-0.034576148423903434,0.585889,6.62442e-05
83600,-0.14121454271077633,0.141434,1.57274e-05
83700,-0.11319886109636769,0.143173,0.000377695
83800,-0.15766252743832693,0.00417718,9.73682e-05
83900,-0.18053441247072713,0.00740155,1.25227e-05
84000,-0.15378954080087912,0.27668,0.00104919
84100,-0.094681471071516365,0.125524,1.70545e-05
84200,-0.069699660525990095,0.0548865,0.000131868
84300,-0.057357728691288946,0.45564,0.0016027
84400,-0.10564462141794351,0.0314828,5.43983e-05
84500,-0.12311679999684859,0.00194492,4.49272e-05
84600,-0.11403057356575232,0.0160893,0.00132412
84700,-0.13405977508308931,0.104261,0.000183617
84800,-0.14892721437735845,1.71081,4.82919e-05
84900,-0.017583348521722362,0.571007,0.000816456
85000,-0.07324989158676512,0.0276955,3.26979e-05
85100,-0.070264821721822426,0.410488,0.000104247
85200,-0.12137895287933632,0.134015,0.00138385
85300,-0.10165208786711394,0.0684255,0.000412953
85400,-0.14333705091465765,0.0918846,8.59897e-05
85500,-0.12922888313056188,0.00744496,0.000981375
85600,-0.15242641343947319,0.0182356,5.4328e-05
85700,-0.12243273078137382,0.117241,3.36895e-05
85800,-0.052307876981909029,1.39358,0.00200101
85900,-0.16873443100627067,0.15555,0.000144639
86000,-0.097793855384518083,0.116351,5.98458e-05
86100,-0.13683235916721997,0.367846,0.000418285
86200,-0.087316449395432358,0.13044,3.8187e-05
86300,-0.035959242689578896,0.75073,4.76538e-05
86400,-0.12177270125298735,0.362161,0.00103643
86500,-0.072744548423380587,0.0608359,2.70076e-05
86600,-0.10816956277691774,0.404367,1.67303e-05
86700,-0.0080493811671141884,0.682853,0.000680859
86800,-0.098599335261264548,0.462148,4.10004e-05
86900,-0.23095050597855035,0.845575,0.00039723
87000,-0.074462910241077485,0.0579224,0.0007792
87100,-0.08674061665265205,0.165882,2.21273e-05
87200,-0.052148395183806713,1.29924,0.000270166
87300,-0.20013206681571327,0.4916,0.00131053
87400,-0.12067083783982767,0.0545821,0.000119946
87500,-0.097532493959012076,0.0786712,0.000176625
87600,-0.051320631484910513,1.35236,0.000566614
87700,-0.14062906294082758,0.856317,4.37661e-05
87800,-0.064948437716049301,0.0775034,0.000119516
87900,-0.044872187745311327,0.0372653,0.000383785
88000,-0.0065308662656260799,0.566364,6.64297e-05
88100,-0.06156540635051938,0.0488614,3.66935e-05
88200,-0.089226450032394253,0.373083,0.000705272
88300,-0.042583258951409443,0.0110476,5.29668e-05
88400,-0.072534039832892999,0.127152,0.000273305
88500,-0.1017370736154973,0.0222323,0.000553688
88600,-0.078371195093364029,0.147557,2.77908e-05
88700,-0.058478946251496973,0.0151634,0.000110395
88800,-0.056507376908965526,0.556716,0.00151678
88900,-0.14342289710776526,1.05746,2.77592e-05
89000,-0.032158398539319601,1.81135,4.07743e-05
89100,-0.18715817132809437,0.774276,0.00157016
89200,-0.10149070595759026,0.000529001,5.40158e-05
89300,-0.079761535146708515,0.449417,3.79209e-05
89400,-0.15679294306301331,1.82608,0.00215611
89500,-0.022782005312137678,0.115207,0.000123533
89600,-0.035549728497019831,0.00379155,9.49475e-05
89700,-0.071802607735983834,0.738054,0.000748406
89800,-0.21797932997849057,1.15448,0.000675498
89900,-0.039176731975377591,0.029067,0.000103796
90000,-0.01196246316316695,0.64038,0.00149923
90100,-0.14146678330322951,0.0273838,0.000597606
90200,-0.1191445585699345,0.73778,2.53956e-05
90300,-0.074171003873372263,0.0920178,0.000638998
90400,-0.03671643800414328,0.286505,4.08617e-05
90500,-0.065693129606184716,0.0202818,8.77597e-05
90600,-0.08100156510033614,0.583436,0.000740026
90700,-0.15465934488713609,1.52172,4.01348e-05
90800,-0.039627575680227414,0.564116,0.000344151
90900,-0.097937209143070608,0.292053,0.000244575
91000,-0.030256483935603425,0.00626265,5.58878e-05
91100,-0.035526326245777388,0.900539,7.17093e-05
91200,-0.12999837220033611,0.863654,0.0015392
91300,-0.017274418991167509,0.019597,1.85985e-05
91400,-0.034347965309227763,0.258412,3.63479e-05
91500,-0.10521133836244913,0.0968501,0.00105452
91600,-0.11163623076109999,0.105986,8.81622e-05
91700,-0.074772592111110397,0.0452616,4.05845e-05
91800,-0.12770581513583215,0.0699175,0.000888114
91900,-0.046263114069707539,0.328021,0.000225527
92000,-0.071689272841452087,0.0722816,5.02567e-05
92100,-0.029239055035038083,0.530659,0.000897525
92200,-0.12830453242967152,0.435176,5.87176e-05
92300,-0.092969227338535951,0.415474,7.16662e-06
92400,-0.059131975837443299,1.41619,0.00179283
92500,-0.2511684632541647,2.21466,9.71171e-05
92600,-0.012237602081201176,2.15303,2.08456e-05
92700,-0.14028316962452211,1.07341,0.00201092
92800,-0.033865822309985333,1.73284,0.000123978
92900,-0.12424583691421613,0.783607,0.000275774
93000,-0.03972902311292556,0.00595256,0.000449481
93100,-0.11199549268615551,0.220412,0.000364597
93200,-0.024804695586491579,2.25994,4.01529e-05
93300,-0.19371022128496831,2.24537,0.00245221
93400,-0.0075628476010443316,1.56622,4.0162e-05
93500,-0.080360172045076214,0.365285,6.45649e-05
93600,-0.069384801326510259,0.633721,0.00103911
93700,-0.16026738289205661,0.448829,3.04241e-05
93800,-0.066324287252793462,0.0878405,3.03982e-05
93900,-0.12680639470968966,0.0431702,0.000381253
94000,-0.076616338378391796,0.201071,4.56818e-05
94100,-0.053064480214537364,0.0703452,8.83304e-05
94200,-0.068006887905993768,0.33273,0.00107728
94300,-0.075708738981891455,0.190598,3.57641e-05
94400,-0.0698620127454114,0.203425,0.000467326
94500,-0.069492159737086445,0.392462,0.00068002
94600,-0.17251285835274299,1.81511,0.000134098
94700,-0.017611549019571668,0.123522,5.66719e-05
94800,-0.061993073875480788,0.486431,0.000723344
94900,-0.13585296469733804,1.42695,2.69997e-05
95000,-0.0043384385343191046,1.50824,0.000107665
95100,-0.15273549218564272,0.777011,0.00114312
95200,-0.076746822859670952,0.782935,5.59995e-05
95300,-0.13918159037810068,0.0229181,7.32768e-05
95400,-0.13486876407623677,0.0216592,0.000384451
95500,-0.11814111634922797,0.750521,4.81679e-05
95600,-0.055021199613296566,0.126845,0.000191982
95700,-0.072512548875885138,0.0920797,0.00112363
95800,-0.031698453786990356,0.386799,4.02629e-05
95900,-0.10420808353214228,0.184617,2.61944e-05
96000,-0.04353531899572112,0.00527295,0.00073315
96100,-0.081885827048885335,0.0574115,0.000200026
96200,-0.06414195453183387,0.164921,0.00030883
96300,-0.081207598594353225,0.0203473,0.000175364
96400,-0.057643538292898908,0.3024,5.78195e-05
96500,-0.13500219737892011,1.02891,6.35624e-05
96600,-0.039733497823971869,0.00445157,0.00121612
96700,-0.078224792851544989,0.0394046,0.000266457
96800,-0.075264507678186307,0.0589447,5.35806e-05
96900,-0.10204557459583832,0.402214,0.000699269
97000,-0.26251316451939938,1.87515,0.000622144
97100,-0.02349824100062807,0.0237993,0.000248566
97200,-0.0029083387635357159,1.38088,0.00111857
97300,-0.13734310864478133,0.701379,3.9379e-05
97400,-0.043280989734527334,0.175141,6.57777e-05
97500,-0.11678472735177386,0.123627,0.00170574
97600,-0.12819686981237605,1.056,4.79145e-05
97700,-0.036097309439259387,0.536541,4.66207e-05
97800,-0.10031556514368808,0.389391,0.000316942
97900,-0.031837386544345668,1.07293,3.53563e-05
98000,-0.12798600902310542,0.905841,8.49504e-06
98100,-0.048065479378000812,0.266108,0.000332235
98200,-0.083523656915630781,0.0659798,5.6361e-05
98300,-0.085486042628721184,0.259885,3.51081e-05
98400,-0.10587778758088179,0.398879,0.000471923
98500,-0.051725620510611518,0.00481092,3.10934e-05
98600,-0.034838145870626558,0.949035,1.87682e-05
98700,-0.14810878858012441,0.557606,0.00128278
98800,-0.09819252810997918,0.513611,5.82437e-05
98900,-0.2099832473276517,0.0170642,0.000734425
99000,-0.12701582835916478,0.0749171,0.000771441
99100,-0.11203659889682026,0.00155968,3.62949e-05
99200,-0.12092294426433629,0.565757,1.18971e-05
99300,-0.068178030962820643,0.0305262,0.000398543
99400,-0.078683419089700654,0.208985,5.15025e-05
99500,-0.0083362592512993966,0.0598841,5.28356e-05
99600,-0.025015601387961769,1.83035,0.000663631
99700,-0.14642513971227872,1.83947,2.6481e-05
99800,-0.0073981265366547212,0.0477717,4.50569e-05
99900,-0.018067569502469915,0.00293619,0.000486217
100000,-0.022579943968663193,0.121082,3.01956e-05
